"Year" "Month" "2025_central" "2025_hotdry" "2025_hotwet" "2025_warmdry" "2025_warmwet" "2055_central" "2055_hotdry" "2055_hotwet" "2055_warmdry" "2055_warmwet" "2085_central" "2085_hotdry" "2085_hotwet" "2085_warmdry" "2085_warmwet" "Maurer"
1949 1 32.3711 32.6465 32.56032 31.9639 32.03662 33.0667 34.16574 33.50349 32.75465 32.68729 34.72983 37.40917 36.85284 33.61754 33.84248 31.6267
1949 2 52.37659 51.82323 52.89674 52.40526 52.54441 54.10405 56.24147 57.46195 53.2328 54.39395 58.44241 58.09026 59.10782 57.37619 56.28442 50.16096
1949 3 90.87052 92.86647 94.5803 88.45863 87.31219 97.86178 88.91183 95.27341 93.80983 92.40171 98.61188 93.7218 97.37752 94.5127 95.29861 80.44968
1949 4 159.5353 163.505 180.8404 151.8388 166.457 177.0143 149.3134 197.0603 164.8324 182.1536 188.1649 157.2837 210.8489 170.3819 192.0713 149.1851
1949 5 312.8508 313.8095 362.2707 302.4199 345.3207 336.8832 245.5263 363.2811 303.0916 364.5654 301.2343 235.1313 318.7367 291.7303 377.4654 331.7948
1949 6 456.4721 424.1964 584.0643 456.5101 531.3598 526.7937 348.3174 533.5012 469.6272 592.8336 431.4235 322.9506 420.4005 443.3835 586.7336 518.7587
1949 7 444.5812 407.2605 522.3148 450.9646 512.9664 473.131 321.4035 467.1297 440.0009 554.6619 401.5283 296.7577 370.3745 409.2238 559.2149 514.0536
1949 8 392.5153 365.6992 442.4632 392.1487 443.2983 407.5521 281.0815 394.3487 385.6875 463.0197 349.5372 253.7424 316.2289 356.1151 467.131 454.5901
1949 9 323.2831 299.27 365.2372 324.2504 363.4303 333.8547 229.8932 319.9754 315.6366 381.0647 283.7113 207.4681 256.0611 291.223 378.0884 376.3254
1949 10 299.394 272.2859 335.7272 295.8026 335.9221 303.775 209.571 291.0081 285.0816 348.7216 256.7448 187.7449 232.7166 262.9055 344.3498 351.9769
1949 11 282.2181 252.9254 315.419 273.6043 319.8515 279.599 188.0978 266.327 261.2279 328.1429 231.9865 166.2898 209.2223 238.165 318.8204 340.8363
1949 12 277.8673 245.0313 308.3459 264.1847 321.3371 270.7346 180.5365 257.99 250.5658 322.0177 222.835 158.3041 203.2663 227.539 308.4684 344.1643
1950 1 282.0801 249.0454 311.2358 265.7888 326.0366 272.6033 185.0879 259.9372 252.3811 324.4347 225.7676 163.4744 208.383 229.462 308.449 350.317
1950 2 278.0495 246.3737 306.9886 260.32 324.0894 268.2803 182.7834 255.7152 248.5576 319.93 221.3987 164.9534 206.899 223.3866 302.5154 349.6
1950 3 297.0859 267.8868 330.1654 276.5008 340.4851 292.4736 205.1956 287.6216 265.9214 343.5016 252.8557 185.4153 241.2948 247.7349 332.6637 360.3105
1950 4 423.3966 388.6071 500.9474 374.3907 466.5773 466.2498 346.512 504.423 403.375 517.0948 490.9889 416.5182 516.3456 406.893 584.3877 460.1872
1950 5 1090.126 949.2504 1143.305 916.5566 1209.732 1058.279 715.8766 984.5986 1004.114 1190.719 898.7811 567.2296 682.9929 953.8454 1137.118 1081.821
1950 6 798.8465 730.6959 842.5221 745.1424 867.7883 785.6014 587.3928 758.3142 752.1285 874.608 703.0095 512.5306 596.3855 717.8476 854.6779 881.4153
1950 7 741.8636 668.6016 780.7999 695.5255 825.8857 710.9348 518.6002 678.8228 686.5468 814.4453 623.0011 445.2562 521.6509 644.1237 785.0145 871.6636
1950 8 652.1265 583.3928 684.6275 609.8444 730.6021 618.2745 446.5164 589.6398 597.1198 715.1406 537.9704 380.7924 448.8181 557.9301 686.2145 774.6905
1950 9 572.1797 509.8398 601.4462 535.7181 646.9824 538.3141 391.6382 515.5258 520.1212 630.918 468.8668 334.5972 396.5214 486.1974 603.7643 692.9431
1950 10 510.7382 451.2616 538.5466 475.4773 582.3277 474.222 342.5509 454.9388 456.8018 564.4468 410.2888 290.5027 346.5701 426.0623 537.5085 636.0155
1950 11 468.1612 411.5236 492.5436 433.6357 537.1434 429.1544 310.7651 413.4639 412.7492 516.8781 370.6851 263.6633 315.3743 385.1523 488.7314 595.7525
1950 12 435.5594 379.8585 458.5917 400.852 502.9412 396.5864 289.3955 385.0717 380.4118 481.1025 344.6853 245.1197 295.9144 356.7855 454.4602 561.8011
1951 1 403.831 352.1479 427.4339 370.5924 469.1303 369.7229 272.4536 361.347 352.7298 448.5347 324.2199 230.3904 280.0739 332.8562 426.742 526.3618
1951 2 399.118 351.6253 424.0338 365.3008 460.4179 370.6744 280.7073 367.7694 352.0728 443.1205 332.0758 246.4927 296.356 335.9216 429.3068 511.8712
1951 3 386.7882 342.4958 412.3065 353.3554 445.2663 361.8423 280.2706 364.4713 341.6148 434.1386 329.818 251.0109 308.1501 329.4808 425.8658 490.1546
1951 4 523.1 494.3735 593.3126 472.8621 594.0625 548.4543 457.6855 611.3036 488.688 631.3813 564.9307 445.3531 582.6921 508.8043 693.2077 601.1666
1951 5 1162.958 1000.074 1242.313 994.952 1326.557 1034.433 669.9032 1070.006 991.6778 1268.185 818.5004 596.8541 720.3823 918.5977 1212.541 1351.267
1951 6 943.134 834.8201 951.7999 851.2607 1112.718 839.5052 666.3414 836.0856 817.5633 967.3851 757.8828 577.9249 675.3137 779.7127 908.2446 1178.864
1951 7 815.1057 745.7735 830.6798 760.2648 896.5544 746.1173 586.9128 742.4756 729.5304 841.8778 668.6828 501.357 591.975 691.9642 804.2842 954.1067
1951 8 731.5807 667.05 745.9189 683.0659 810.3452 664.4723 518.821 662.9927 649.9065 757.4888 593.8517 441.7682 527.7234 614.1575 726.2691 873.1993
1951 9 621.3914 563.3559 633.159 580.6535 692.6498 558.9113 431.81 556.8096 547.6931 643.7711 495.8983 364.5672 437.5766 514.4464 613.9501 756.8975
1951 10 558.9052 503.1935 567.74 519.9854 625.7672 498.7992 386.9843 495.6228 487.658 578.4696 441.6883 327.5146 391.2391 457.7911 550.3359 689.187
1951 11 529.2996 474.467 537.9971 488.8267 593.5615 474.4184 371.1414 476.6673 461.2174 550.4754 425.4905 322.8117 385.9616 434.6783 527.3158 650.9865
1951 12 468.3171 418.8593 476.8204 431.9228 530.0042 420.4907 326.1405 423.4983 407.3871 489.5454 378.09 283.2014 340.7177 385.6429 470.7584 586.7553
1952 1 451.4474 408.7867 462.9528 411.7845 507.0734 417.3032 337.6052 430.5125 398.4798 476.3318 395.7493 324.7758 380.714 385.466 467.6608 550.5754
1952 2 411.8253 367.7582 421.2851 381.7301 468.667 376.3878 299.6398 387.6942 361.2849 432.7216 352.2479 275.5977 332.0695 345.4908 421.4242 514.0147
1952 3 378.9724 347.4381 393.7091 348.4433 425.8168 359.6538 288.6028 362.3362 341.3452 398.6438 331.8065 268.4981 319.0793 336.1231 401.0925 465.9691
1952 4 703.1697 666.7139 792.2904 614.2252 784.8167 764.2614 665.3099 928.5815 675.3016 846.3846 929.1567 883.0239 1262.381 730.6399 961.9835 703.501
1952 5 5237.991 5100.124 5710.862 4139.025 4927.959 6612.69 6208.378 7694.655 5813.532 6385.922 8037.576 8102.233 9600.86 6844.49 8000.919 3216.006
1952 6 10894.89 9667.022 12863.03 10045.07 13314.29 9063.443 6221.647 8113.23 8320.75 11530.38 7533.611 4556.747 5064.076 7480.342 10882.98 11956.19
1952 7 2680.111 2447.488 3828.096 2516.654 3340.24 2274.71 1691.887 1923.221 2128.843 2714.98 1855.967 1581.756 1737.139 1891.086 2567.414 3203.337
1952 8 1808.49 1708.45 1987.988 1748.549 1947.125 1720.689 1484.12 1704.272 1664.176 1904.338 1630.683 1376.934 1534.154 1632.58 1839.58 1948.307
1952 9 1658.201 1545.754 1695.738 1597.582 1808.642 1542.199 1298.321 1519.466 1491.078 1741.861 1435.146 1176.868 1334.877 1447.845 1671.538 1820.577
1952 10 1474.546 1360.61 1515.299 1415.757 1632.67 1340.698 1112.368 1318.155 1298.475 1545.414 1231.284 991.7311 1138.121 1249.956 1472.361 1662.84
1952 11 1371.251 1257.266 1415.314 1309.603 1534.687 1231.556 1021.034 1216.967 1192.179 1436.552 1127.044 902.7562 1047.755 1143.958 1365.533 1583.677
1952 12 1248.338 1136.936 1291.817 1187.466 1411.856 1105.814 909.1752 1092.963 1070.742 1306.563 1005.042 793.1443 929.7524 1023.145 1235.634 1476.152
1953 1 1149.716 1042.894 1192.722 1089.349 1308.76 1011.408 827.8009 1001.192 978.3438 1205.118 916.5247 721.4623 850.8807 933.0332 1138.536 1378.776
1953 2 1053.754 954.0635 1097.93 996.2402 1205.044 925.7678 756.6573 923.3544 894.3324 1107.36 841.9859 663.2663 788.8469 852.5585 1050.751 1276.078
1953 3 1022.819 924.5011 1067.035 962.4814 1170.818 901.8292 735.4174 901.4265 868.3546 1081.87 823.0869 655.0605 783.631 828.561 1029.079 1234.393
1953 4 1153.647 1086.527 1247.031 1068.804 1309.344 1086.582 917.805 1153.552 999.0075 1308.106 1067.681 914.8173 1106.04 1015.426 1306.249 1329.423
1953 5 2933.865 2498.916 3221.276 2548.323 3397.295 2571.134 1856.542 2844.322 2409.877 3522.569 2381.923 1604.608 2200.857 2349.497 3532.667 2809.306
1953 6 2385.124 2015.003 2412.31 2412.867 3556.703 1904.875 1403.891 1831.667 1960.083 2689.907 1568.314 1234.548 1423.301 1691.575 2281.903 3753.728
1953 7 1642.329 1528.232 1672.24 1595.107 1841.903 1505.704 1254.372 1510.351 1483.854 1762.65 1388.473 1113.299 1298.193 1423.705 1697.498 1910.27
1953 8 1470.212 1349.766 1494.923 1421.028 1656.311 1321.974 1079.313 1319.531 1305.184 1567.804 1202.908 943.0496 1114.131 1240.612 1494.347 1695.473
1953 9 1272.467 1161.098 1293.865 1228.062 1448.169 1133.795 916.8276 1129.569 1120.03 1356.254 1026.177 794.6548 946.1343 1061.355 1285.685 1507.614
1953 10 1155.23 1047.036 1165.562 1104.154 1316.182 1021.523 828.0098 1011.984 1005.445 1229.451 922.2338 715.9484 854.8472 954.4431 1158.343 1382.282
1953 11 1118.517 1006.604 1126.003 1055.009 1281.11 993.4375 809.551 989.2612 969.2165 1203.38 903.5485 709.3347 849.4437 926.4667 1136.125 1330.964
1953 12 1082.994 959.1154 1086.834 1000.503 1250.658 954.0573 766.9622 946.3103 921.0263 1176.764 864.5109 665.4059 811.3821 884.0466 1100.578 1281.008
1954 1 1050.06 927.4307 1056.971 960.0276 1211.049 933.2245 749.9854 927.9816 892.5765 1147.807 852.2662 658.6467 803.6881 865.3452 1078.708 1228.83
1954 2 1010.193 895.3438 1018.348 914.7157 1162.546 906.7808 736.8071 908.7783 859.0684 1111.891 844.6261 674.4812 815.3702 841.3948 1061.538 1167.017
1954 3 1029.867 942.4324 1051.703 926.2592 1178.08 956.855 813.9422 979.844 895.8434 1151.8 940.9828 812.0918 950.4319 900.887 1139.913 1156.715
1954 4 1782.971 1503.546 1725.527 1546.823 2105.194 1585.952 1144.273 1550.028 1530.786 2026.516 1426.572 1063.359 1239.804 1458.572 2005.621 1615.32
1954 5 1975.963 1689.926 1972.042 1781.132 2410.867 1634.011 1217.497 1653.578 1521.278 2183.735 1361.416 1042.822 1299.271 1415.109 1916.701 2903.353
1954 6 1427.963 1306.039 1417.855 1350.909 1613.493 1263.276 1015.3 1235.648 1226.591 1507.493 1116.155 877.1065 1024.859 1160.142 1389.331 1681.383
1954 7 1293.848 1177.885 1281.483 1225.006 1453.635 1137.348 906.9745 1111.114 1107.252 1367.001 1002.691 781.2124 918.6111 1045.059 1260.956 1527.641
1954 8 1155.308 1040.744 1147.579 1088.172 1316.855 999.3478 784.7136 975.5506 970.5878 1228.364 874.2475 669.6072 801.9819 910.3985 1124.827 1400.636
1954 9 1026.8 917.5486 1024.815 962.8889 1185.691 877.6464 683.7192 856.7636 851.2656 1098.856 764.3528 577.6879 702.6244 797.4665 999.9382 1280.893
1954 10 951.739 840.7949 952.1597 879.1722 1129.875 801.1077 623.6189 781.048 773.5018 1025.652 694.3598 520.1477 642.6182 725.2983 924.5268 1243.148
1954 11 881.0929 775.7398 881.8513 808.7336 1033.453 732.9897 566.3094 715.767 707.0818 944.4059 630.1827 467.3738 582.7401 660.8876 851.8946 1130.133
1954 12 844.476 738.1323 844.9315 766.9639 990.0602 696.2558 534.4907 682.3881 668.3483 904.2476 596.1306 438.4397 555.0502 624.5306 813.5359 1083.955
1955 1 801.5834 697.0473 802.4185 722.7751 938.9587 656.9507 499.0557 644.8667 628.0417 859.1714 559.8149 409.5877 521.2338 586.2296 771.8619 1030.249
1955 2 763.9681 663.6249 766.5716 686.5235 893.0351 628.2534 476.7758 619.1125 598.8174 821.9702 537.0345 399.3018 506.7708 560.148 740.8495 979.7778
1955 3 785.9098 687.8283 792.5803 705.4111 914.6725 655.9807 501.8487 649.2045 620.4142 845.9695 564.4143 427.666 545.6067 580.0672 769.1345 986.6253
1955 4 1001.757 869.6558 1053.146 878.0689 1194.885 874.2581 639.8835 913.2705 791.4759 1160.029 767.9452 582.3148 804.6956 745.062 1130.087 1205.171
1955 5 3873.927 3562.852 4221.376 3322.853 4067.413 3725.69 2780.198 4078.54 3274.64 4772.284 3249.643 2549.735 3360.033 3143.724 4507.545 3226.853
1955 6 2162.744 1833.454 2153.546 2094.168 2813.801 1541.24 1118.306 1446.517 1506.522 2299.072 1222.182 939.7233 1117.407 1260.938 1697.114 3424.678
1955 7 1291.424 1195.261 1315.542 1224.621 1458.679 1145.111 927.8181 1146.535 1106.907 1383.843 1019.55 809.7389 945.4572 1033.217 1272.163 1597.934
1955 8 1194.468 1098.149 1212.932 1127.548 1362.276 1049.645 849.4373 1045.083 1014.333 1280.932 935.874 742.6395 865.5445 944.5338 1177.757 1431.556
1955 9 1021.197 933.0057 1034.998 961.1487 1178.279 889.4187 715.1986 882.6954 859.7341 1094.796 789.1835 616.1609 726.7181 799.8887 1001.303 1255.965
1955 10 896.4205 816.212 907.3271 842.139 1038.155 774.6166 621.0573 767.0172 748.8606 958.9036 685.8776 531.6306 629.3024 696.3442 876.0129 1122.075
1955 11 816.2722 740.8668 824.9833 762.7957 948.8975 701.1602 561.7556 695.5168 675.4093 870.7137 620.5847 481.4114 571.3405 629.0076 796.0848 1034.569
1955 12 743.8109 671.826 752.2446 693.7424 867.4711 636.5203 508.9461 633.2002 612.9576 791.4276 564.8349 436.2921 522.4592 571.561 725.6799 953.9634
1956 1 686.8106 624.3752 698.1653 638.8159 802.4602 593.9946 477.9686 595.653 569.7719 734.541 535.5332 426.4863 502.5378 534.3975 679.4153 882.051
1956 2 665.9109 607.42 679.4037 618.2655 774.0579 580.3531 476.013 593.3766 554.0479 714.549 543.6319 462.5183 529.3192 525.165 670.1325 846.1736
1956 3 692.1362 650.3234 715.1166 641.4692 786.8069 634.3666 523.1686 650.4741 596.9946 752.3633 613.5316 563.4055 613.6401 574.0733 726.0739 835.3403
1956 4 1374.926 1412.977 1603.369 1170.112 1469.156 1530.7 1425.987 1881.213 1267.075 1658.457 1959.171 2006.151 2415.51 1427.646 1870.042 1300.609
1956 5 4221.995 3652.675 4564.768 3751.686 5056.373 3778.676 2438.943 3758.726 3481.993 4731.902 3192.079 1727.271 2513.272 3333.421 4326.075 4619.7
1956 6 1706.219 1557.24 1778.07 1560.123 1937.354 1536.197 1180.049 1505.999 1467.273 1864.668 1349.341 1054.776 1202.736 1385.088 1685.867 2020.413
1956 7 1360.378 1260.928 1364.797 1305.635 1559.621 1240.479 1020.119 1235.244 1206.893 1393.286 1141.853 907.1035 1038.281 1162.067 1334.59 1757.171
1956 8 1168.635 1079.911 1175.086 1105.177 1286.797 1053.769 859.1167 1044.772 1029.398 1200.097 960.7606 758.4498 867.2405 982.2047 1140.902 1347.693
1956 9 964.4166 889.666 969.5281 914.4858 1066.358 865.7764 707.5992 857.9586 847.7798 986.2687 788.3348 624.8927 711.3588 806.4872 937.2211 1141.124
1956 10 820.1382 756.5571 824.3517 777.3059 905.806 735.8309 606.556 729.6555 721.1672 835.6087 671.2437 537.7127 609.7955 685.598 796.501 977.6282
1956 11 737.5779 680.654 742.0807 697.4387 812.7887 664.1194 550.421 660.9484 648.735 752.3359 608.8528 493.8442 559.4071 618.6047 718.8915 876.2051
1956 12 650.4126 601.006 654.689 615.7398 717.2064 585.6263 486.1991 584.4894 572.8055 663.3748 538.7289 436.687 495.3829 546.5689 635.5491 776.1819
1957 1 597.5549 555.7598 604.0939 564.0729 655.0359 546.754 461.5671 550.6767 531.6525 612.3242 513.1037 429.2072 483.7153 512.9542 593.7136 704.0313
1957 2 582.79 543.9001 591.3249 553.6105 640.3939 535.2761 455.7032 534.2407 520.5476 591.8809 509.8495 428.6457 485.7481 501.592 578.5224 673.3815
1957 3 545.5853 509.777 557.4811 512.1957 595.7642 507.4956 443.1843 519.072 486.7832 567.0612 507.1761 448.922 527.2852 485.8366 573.1486 626.6421
1957 4 892.3204 866.1971 987.3888 749.7549 929.5251 930.9091 819.1714 1063.175 802.5172 1003.089 1036.449 1006.684 1274.836 846.5009 1070.989 829.2863
1957 5 3241.665 3446.75 3762.72 2707.856 3184.077 3806.832 3812.78 5112.682 3237.775 4044.453 4705.893 5072.232 6017.191 3825.089 4548.348 2110.142
1957 6 9482.814 9105.128 10174.24 9265.34 10509.22 9954.594 6808.572 9865.545 8800.73 11750.71 7272.044 4719.869 5764.61 7973.194 9954.505 7865.829
1957 7 3652.685 3212.753 3767.639 4792.844 5355.897 3021.187 1799.12 2654.356 2675.89 5576.333 1986.66 1565.149 1933.925 2142.647 2926.905 5201.972
1957 8 2255.024 2151.605 2402.646 2232.633 2483.296 2049.648 1646.494 2136.381 1912.718 2443.636 1942.228 1583.18 1877.783 1845.132 2263.715 2274.849
1957 9 1886.875 1787.432 1963.641 1822.512 2087.088 1748.271 1422.3 1793.297 1651.654 2030.209 1616.882 1337.799 1541.473 1598.588 1893.051 1981.54
1957 10 1777.135 1687.821 1841.289 1710.842 1959.256 1652.277 1366.652 1680.203 1576.322 1935.353 1509.25 1258.083 1486.331 1514.859 1777.708 1861.445
1957 11 1873.636 1768.27 1962.693 1784.298 2073.838 1763.177 1475.716 1872.105 1646.645 2167.116 1718.714 1449.521 1936.822 1604.344 2006.278 1871.738
1957 12 1737.868 1641.386 1816.224 1655.938 1942.878 1632.799 1359.752 1691.409 1542.778 1941.522 1526.784 1280.906 1534.13 1497.264 1819.342 1796.576
1958 1 1684.747 1586.205 1763.792 1601.068 1877.86 1587.643 1319.79 1648.42 1493.026 1884.011 1485.052 1262.355 1512.519 1455.821 1766.98 1734.247
1958 2 1631.396 1534.854 1713.5 1546.289 1818.462 1550.48 1299.154 1619.652 1450.936 1836.468 1472.108 1245.368 1499.726 1430.788 1725.69 1675.569
1958 3 1621.047 1534.523 1706.62 1524.193 1805.448 1565.829 1316.928 1653.118 1453.44 1855.898 1515.059 1311.556 1589.075 1448.964 1765.993 1645.51
1958 4 2293.182 2261.754 2564.064 2088.112 2472.003 2530.056 2334.444 3056.699 2157.765 2804.294 2985.543 3078.37 4016.025 2404.049 3020.874 2022.6
1958 5 11950.76 11527.95 12453.63 11163.97 12807.39 12156.92 9358.744 12362.59 11219.2 14028.63 11472.39 8128.979 9821.218 11127.63 13908.72 9552.219
1958 6 4940.536 4441.634 5038.368 5509.738 6990.827 3380.598 2248.111 3168.136 3508.734 5284.797 2570.306 1963.277 2255.706 2680.025 3970.083 8190.698
1958 7 2243.104 2140.199 2283.768 2179.966 2455.632 2088.022 1786.678 2110.371 2042.686 2366.924 1945.356 1659.116 1863.222 1977.644 2257.437 2490.923
1958 8 1950.944 1847.676 1981.409 1889.666 2151.335 1785.897 1508.334 1796.276 1755.406 2043.533 1644.021 1377.69 1560.995 1680.746 1943.105 2172.01
1958 9 1627.166 1533.987 1653.426 1573.598 1804.028 1474.275 1237.994 1479.08 1451.345 1697.893 1347.943 1118.415 1277.563 1381.721 1608.197 1868.714
1958 10 1419.813 1330.046 1442.578 1363.142 1582.029 1273.183 1066.884 1274.573 1251.936 1477.145 1157.269 954.9281 1096.692 1188.685 1392.113 1668.642
1958 11 1307.651 1216.586 1329.363 1243.088 1465.513 1166.692 976.5412 1168.932 1140.794 1360.795 1057.977 869.5842 1007.224 1085.657 1280.645 1554.844
1958 12 1236.223 1138.65 1259 1157.499 1384.017 1091.521 903.0457 1094.642 1058.906 1288.075 979.5431 788.7331 932.3641 1005.788 1210.494 1465.566
1959 1 1178.364 1080.239 1201.988 1090.997 1315.312 1044.442 874.1277 1054.883 1006.454 1230.357 948.5416 760.3475 912.9312 966.3724 1164.813 1379.88
1959 2 1105.6 1011.341 1129.908 1018.5 1232.711 981.1941 827.2009 997.1725 941.9876 1157.739 899.2321 726.7009 875.8665 909.2421 1108.85 1283.635
1959 3 1070.276 985.5057 1100.536 978.6785 1181.203 962.9293 826.3446 989.0287 912.6809 1130.609 894.6711 742.4002 899.1986 895.1363 1091.819 1213.792
1959 4 1541.529 1483.011 1668.503 1367.409 1616.048 1516.022 1351.096 1706.865 1380.574 1716.919 1584.257 1431.604 1848.427 1438.577 1784.738 1489.559
1959 5 4090.121 3602.538 4441.05 3603.349 4791.475 3653.552 2759.941 3953.135 3396.487 4562.627 3292.488 2288.224 3157.845 3319.255 4369.615 4067.838
1959 6 2157.371 1928.731 2229.419 2136.924 2870.719 1815.212 1426.182 1806.171 1768.851 2293.385 1590.886 1239.993 1494.043 1624.848 2025.615 3235.494
1959 7 1646.233 1502.265 1669.397 1555.777 1870.845 1455.914 1189.93 1467.644 1413.051 1723.24 1332.016 1057.832 1258.542 1346.052 1624.073 1904.978
1959 8 1508.021 1367.847 1528.483 1417.354 1736.816 1322.052 1071.209 1334.153 1280.351 1583.793 1207.341 951.7666 1140.438 1221.062 1499.867 1763.214
1959 9 1287.5 1160.346 1300.133 1207.422 1494.662 1113.618 894.1004 1121.414 1077.779 1344.305 1008.998 785.508 945.2503 1024.868 1260.599 1532.126
1959 10 1488.3 1309.671 1587.251 1301.569 1698.58 1315.318 1066.141 1351.81 1218.057 1674.359 1277.214 938.3149 1478.37 1293.559 1590.687 1618.158
1959 11 1560.338 1396.632 1655.916 1345.862 1761.122 1384.721 1177.888 1404.298 1263.829 1763.527 1335.143 1052.791 1501.882 1369.244 1621.864 1640.286
1959 12 1594.809 1461.001 1680.562 1379.116 1761.602 1440.008 1247.509 1457.016 1292.297 1748.682 1409.457 1151.697 1458.794 1413.44 1645.675 1634.283
1960 1 1593.02 1474.802 1691.324 1374.59 1744.321 1452.46 1291.761 1484.24 1305.301 1749.622 1444.613 1206.547 1520.487 1446.072 1648.729 1597.391
1960 2 1589.69 1471.731 1698.426 1376.633 1747.325 1462.225 1317.194 1502.645 1311.941 1758.876 1471.952 1263.173 1570.752 1464.974 1664.042 1585.781
1960 3 1678.451 1608.768 1836.271 1445.331 1838.062 1656.069 1544.238 1728.428 1438.078 1925.965 1749.853 1628.818 2030.536 1668.611 1886.661 1603.029
1960 4 5675.178 5719.256 6731.536 4653.81 5705.103 6753.64 6234.166 7344.2 5544.251 7133.56 7938.498 6368.985 8306.334 6847.034 7844.064 4040.702
1960 5 8381.638 7377.07 8223.887 6916.834 9093.101 6168.775 3951.456 5451.007 6146.632 8179.37 4782.74 2648.473 3554.909 5606.708 6813.343 8218.689
1960 6 4126.865 3557.656 4126.181 3269.34 5186.771 3242.359 2339.114 2918.543 2956.6 4207.265 2614.187 1969.633 2267.911 2771.004 3574.646 4916.88
1960 7 2516.584 2276.546 2473.38 2282.156 2923.385 2073.54 1838.648 2026.619 2023.974 2372.477 1964.436 1665.619 1886.208 2011.283 2172.822 3678.757
1960 8 1909.971 1833.286 1942.768 1801.228 2048.56 1745.309 1515.085 1698.637 1709.76 1954.195 1623.666 1347.212 1534.522 1678.982 1838.634 2082.143
1960 9 1596.359 1518.616 1623.863 1503.354 1729.802 1436.435 1236.926 1398.416 1410.02 1626.229 1326.962 1095.734 1254.425 1375.801 1522.87 1803.294
1960 10 1558.691 1440.751 1641.089 1473.99 1626.023 1424.637 1268.729 1356.822 1377.726 1601.578 1369.93 1123.91 1452.329 1349.494 1506.48 1666.945
1960 11 1346.815 1246.375 1380.031 1245.063 1458.074 1197.636 1029.11 1152.514 1149.346 1381.125 1121.292 890.3997 1132.449 1118.354 1291.092 1524.914
1960 12 1291.96 1180.048 1313.271 1175.704 1414.048 1146.094 970.1774 1097.744 1090.788 1326.151 1050.75 850.0484 1039.371 1058.772 1224.783 1463.182
1961 1 1222.957 1102.285 1244.243 1102.963 1333.213 1070.978 905.4085 1029.117 1014.847 1255 975.389 794.8951 973.9045 989.1572 1147.576 1374.766
1961 2 1179.979 1058.736 1196.712 1061.44 1275.872 1041.651 885.8257 1008.634 978.2913 1214.33 957.0501 811.9836 985.1567 962.087 1120.769 1297.823
1961 3 1206.796 1092.855 1239.679 1074.019 1278.972 1094.408 957.124 1078.801 998.9143 1275.56 1043.331 955.9929 1150.406 1003.012 1210.281 1244.495
1961 4 1869.798 1864.487 2035.112 1620.781 1909.065 1960.385 2041.14 2270.473 1724.069 2222.635 2236.683 2773.887 3072.472 1940.387 2330.901 1647.329
1961 5 7762.841 7052.549 7366.879 6212.063 8255.083 6672.771 6284.299 7246.537 6351.348 8572.865 5923.448 5244.707 5264.94 7121.236 8081.997 6300.948
1961 6 3755.622 3263.171 3442.945 3117.469 4606.378 2589.176 2268.216 2736.911 2662.394 3958.505 2199.257 1845.031 2037.407 2772.564 3088.647 4050.032
1961 7 2105.204 1996.221 2083.988 1971.245 2249.668 1913.123 1716.372 1911.108 1877.818 2197.686 1778.094 1555.699 1726.584 1875.368 2078.771 2308.953
1961 8 1979.716 1837.232 1953.345 1846.875 2157.687 1759.957 1538.513 1776.737 1728.811 2102.899 1627.755 1378.217 1569.421 1716.819 2008.865 2123.18
1961 9 1856.153 1692.893 1855.254 1697.383 2076.459 1615.589 1389.467 1658.795 1575.021 2003.67 1492.079 1216.123 1461.522 1572.916 1896.389 2085.152
1961 10 1622.702 1498.708 1593.235 1492.093 1786.267 1410.658 1235.611 1407.307 1379.445 1697.272 1293.033 1077.599 1241.071 1366.921 1565.538 1819.854
1961 11 1642.072 1516.16 1618.49 1500.514 1802.074 1449.994 1279.451 1454.556 1397.448 1739.116 1359.075 1141.92 1356.704 1408.699 1615.875 1793.289
1961 12 1571.717 1445.906 1558.116 1430.695 1736.049 1393.967 1229.646 1411.196 1330.704 1683.154 1321.414 1118.685 1352.396 1358.37 1573.85 1717.662
1962 1 1491.815 1367.49 1481.295 1351.119 1654.015 1319.877 1170.054 1342.954 1254.52 1603.79 1264.292 1083.559 1310.269 1290.047 1495.53 1635.84
1962 2 1476.25 1346.828 1477.222 1331.538 1658.906 1319.563 1180.976 1368.956 1240.779 1621.7 1295.543 1140.123 1395.475 1295.116 1529.14 1617.61
1962 3 1389.842 1266.503 1395.144 1244.874 1545.964 1257.718 1125.712 1329.313 1163.876 1531.844 1260.869 1141.744 1411.983 1234.948 1482.128 1512.772
1962 4 2434.832 2322.906 2723.482 2089.341 2622.644 2592.527 2613.993 2974.078 2287.492 3059.823 3355.799 3573.469 4259.495 2753.397 3359.853 2158.311
1962 5 8432.068 7338.969 8192.903 7202.102 9811.259 7341.833 5727.724 7110.779 6839.888 9470.994 6876 4167.049 5446.319 7054.131 8486.889 8529.345
1962 6 3266.059 2915.682 3219.526 2810.111 3783.673 2892.709 2232.198 2719.246 2718.663 3662.749 2472.981 1935.586 2198.96 2659.374 3314.083 3260.461
1962 7 2367.231 2092.065 2227.122 2247.471 2789.528 2010.125 1789.982 1951.005 1961.777 2409.673 1906.545 1633.481 1802.497 1940.248 2130.832 2938.649
1962 8 1891.724 1776.395 1861.415 1801.875 2050.037 1720.464 1496.347 1658.621 1682.673 1966.283 1598.39 1338.695 1485.881 1639.609 1831.301 2058.315
1962 9 1601.249 1491.126 1576.464 1529.688 1758.44 1437.199 1240.901 1383.344 1407.764 1662.982 1324.784 1106.636 1232.243 1360.634 1538.467 1815.885
1962 10 1422.7 1311.702 1396.288 1348.59 1575.396 1260.52 1086.268 1207.826 1229.823 1474.444 1152.635 964.134 1077.01 1185.587 1351.014 1651.864
1962 11 1348.529 1227.478 1318.147 1259.972 1505.764 1178.474 1009.225 1127.046 1139.151 1397.823 1066.708 893.3337 1005.963 1096.728 1264.902 1585.887
1962 12 1256.013 1134.672 1225.947 1165.13 1411.779 1086.681 925.8332 1037.901 1044.687 1301.917 979.4626 810.8665 928.7697 1005.585 1172.731 1495.837
1963 1 1179.657 1063.894 1155.808 1085.192 1328.509 1023.933 880.2565 985.6185 976.2225 1229.326 936.4584 782.433 903.5135 948.1273 1113.897 1401.758
1963 2 1141.501 1037.101 1127.761 1043.609 1280.265 1012.659 887.7549 993.3099 953.1794 1199.061 953.5244 830.1821 955.4601 943.1798 1110.547 1333.453
1963 3 1120.25 1022.965 1115.331 1014.253 1248.725 1012.322 896.5532 1000.855 939.8586 1190.746 977.0137 880.7003 1011.646 947.1855 1120.469 1278.568
1963 4 1642.036 1493.938 1694.433 1437.935 1822.976 1595.888 1376.515 1592.492 1435.533 1831.81 1603.213 1426.476 1635.58 1474.069 1830.525 1726.302
1963 5 2921.16 2485.875 2795.531 2484.866 3374.941 2584.757 1831.169 2454.786 2546.126 3072.575 2223.388 1531.645 1824.748 2358.931 2844.876 3192.7
1963 6 1847.092 1700.171 1818.462 1716.203 2022.837 1682.533 1433.281 1625.963 1659.598 1908.704 1552.887 1285.565 1426.84 1597.041 1772.338 1952.866
1963 7 1621.452 1497.053 1591.859 1527.813 1755.739 1480.458 1236.279 1424.18 1464.213 1652.141 1347.379 1096.589 1221.711 1394.161 1563.026 1815.486
1963 8 1429.003 1306.324 1405.684 1345.504 1567.58 1291.092 1066.591 1243.088 1277.049 1458.543 1168.314 946.8618 1060.026 1209.23 1379.22 1615.279
1963 9 1257.939 1141.785 1243.818 1181.938 1398.783 1127.712 928.2766 1088.67 1114.356 1291.531 1017.933 818.7381 928.774 1053.46 1218.849 1471.552
1963 10 1085.056 977.921 1072.828 1015.105 1216.598 961.6856 787.5759 928.5173 948.1007 1112.307 862.5567 690.5836 784.6382 894.2565 1047.718 1304.68
1963 11 1008.302 902.3126 993.9869 933.3892 1136.977 882.8723 720.4081 855.6571 864.8314 1032.054 786.2059 630.0771 720.1166 814.901 967.1907 1228.718
1963 12 944.4069 838.3931 930.2902 866.0907 1070.521 816.7133 659.7375 794.0594 796.1782 966.3957 722.0044 572.8072 662.0666 749.2705 902.3442 1162.601
1964 1 883.2761 780.3754 871.6494 804.085 1004.644 760.8113 611.6905 742.2145 737.9484 905.4935 671.8035 532.2102 617.7361 696.2861 846.6568 1090.195
1964 2 852.4747 753.0399 842.057 772.894 970.4989 737.0833 594.9196 721.3585 711.7695 877.5798 655.7154 522.0344 609.3627 675.1066 823.8347 1052.64
1964 3 782.074 692.1136 773.9643 707.132 888.5621 680.3733 551.9023 667.7259 655.0932 807.2614 607.9116 487.2255 570.5073 623.0218 763.0095 961.3094
1964 4 923.6946 827.3533 941.7508 823.5777 1038.229 841.955 685.4146 858.7358 789.688 987.6201 782.3071 621.7769 793.2418 765.0182 967.5832 1081.562
1964 5 1923.366 1587.983 1917.01 1658.409 2399.301 1676.641 1191.815 1730.698 1511.018 2132.251 1553.746 1086.039 1413.512 1494.215 2110.951 2375.746
1964 6 1706.251 1507.915 1711.42 1605.057 1944.286 1487.49 1151.686 1495.623 1440.43 1793.59 1309.429 993.7176 1219.102 1347.468 1700.289 2032.683
1964 7 1313.279 1186.315 1276.307 1235.678 1457.875 1165.752 964.9826 1146.596 1149.576 1342.118 1068.545 864.092 983.5249 1105.623 1291.532 1516.589
1964 8 1198.419 1076.28 1170.943 1126.071 1353.534 1054.936 863.1155 1046.109 1037.406 1243.683 965.0863 769.0708 885.7336 995.7889 1213.71 1423.862
1964 9 1087.646 972.19 1065.448 1020.532 1225.653 952.0652 774.8094 944.152 933.4665 1120.616 869.2285 684.2836 796.0529 899.3737 1079.23 1297.335
1964 10 980.2992 869.4485 961.4453 914.0961 1114.699 846.0401 679.8231 839.1487 826.9385 1011.633 768.4689 593.6055 698.8745 797.1144 971.7023 1192.211
1964 11 937.2797 830.2561 924.4581 868.4081 1072.617 809.8227 652.847 810.3965 787.9432 975.6589 740.3596 575.0939 684.9044 761.7052 937.4875 1154.597
1964 12 871.7923 773.0515 861.9764 807.5026 1005.205 753.2538 610.4206 760.6754 730.9011 910.47 693.5485 542.7723 650.9595 709.6929 877.9218 1094.558
1965 1 816.8076 725.0374 809.0378 750.6923 935.1413 705.9954 573.6914 716.2887 681.9039 855.4204 656.5281 515.3624 614.4499 663.8625 826.9704 1026.9
1965 2 757.6028 667.4121 761.9252 695.5657 892.3069 656.5861 527.5768 662.2631 631.9207 797.7106 604.2748 474.1721 573.6232 615.5229 771.6867 967.3212
1965 3 717.6338 637.0897 722.2343 656.2723 829.5626 626.5142 502.7784 637.2218 606.3475 757.2081 582.8026 465.7207 576.0352 581.0054 743.7106 903.0445
1965 4 984.433 912.6355 1040.598 889.0898 1104.271 991.389 852.5547 1107.594 898.9871 1147.448 1083.363 1034.599 1303.828 955.7236 1243.65 1105.626
1965 5 5415.796 5302.66 5971.952 4470.376 5294.839 6533.52 6578.451 8202.522 5777.987 6640.619 8615.76 8542.312 10171.76 7133.422 8604.905 3820.197
1965 6 14317.86 13116.66 15163.54 13890.5 16993.38 13239.08 8302.317 12201.42 12751.74 16435.74 10485.42 6295.494 7767.947 11088.12 15833.91 14822.44
1965 7 4385.981 3598.706 4221.201 4573.732 6343.46 3376.051 2563.425 3082.243 3337.881 4919.798 2873.61 2258.772 2444.157 2978.785 3846.541 7076.279
1965 8 2864.237 2725.744 2972.8 2782.808 3171.882 2713.317 2386.828 2770.225 2675.65 3066.467 2713.733 2262.986 2612.726 2619.836 3152.014 3367.006
1965 9 2577.741 2398.938 2745.911 2497.779 2957.325 2481.753 2126.462 2454.888 2396.681 2873.996 2291.978 1936.37 2284.3 2300.018 2725.65 2875.176
1965 10 2449.623 2245.401 2532.957 2334.751 2822.201 2280.085 1963.612 2220.237 2199.601 2716.017 2100.645 1748.174 2026.401 2119.761 2502.69 2751.225
1965 11 2203.001 2059.531 2263.858 2133.775 2477.858 2065.791 1793.828 2023.515 2010.217 2355.58 1920.653 1621.905 1840.36 1931.942 2255.445 2509.915
1965 12 2203.167 2065.5 2294.53 2127.348 2467.195 2103.357 1818.103 2083.982 2013.955 2392.314 1972.215 1673.08 1934.432 1959.394 2326.163 2401.645
1966 1 2150.525 2016.83 2254.216 2063.032 2418.537 2060.076 1785.576 2049.717 1962.432 2358.011 1955.661 1679.884 1943.144 1921.501 2305.915 2344.667
1966 2 2062.74 1922.679 2157.774 1962.264 2321.977 1969.507 1701.483 1957.259 1869.912 2265.321 1874.6 1618.667 1865.374 1836.747 2217.124 2255.792
1966 3 2385.826 2221.031 2515.746 2239.497 2659.534 2323.606 1987.267 2311.36 2187.068 2646.277 2284.576 2063.247 2349.649 2157.319 2619.07 2526.13
1966 4 5367.598 4930.894 5875.43 4685.074 5927.012 5407.404 4478.57 5499.985 4765.097 6501.936 5411.811 4310.497 5206.619 5058.341 6539.464 5062.864
1966 5 4851.105 3947.19 4673.351 4431.357 6038.373 3870.949 2858.472 3659.808 3849.814 5144.77 3465.956 2324.824 2828.613 3534.011 4542.382 6092.585
1966 6 2919.919 2610.697 2938.388 2791.776 3479.306 2554.338 2083.707 2434.474 2502.196 3058.806 2203.74 1895.215 2117.818 2322.625 2759.567 3212.04
1966 7 2239.929 2094.992 2288.131 2188.194 2546.189 2082.604 1796.537 2058.393 2036.381 2358.459 1943.647 1626.582 1845.98 1954.989 2253.25 2804.657
1966 8 2195.638 1940.573 2247.506 2129.816 2518.323 1921.862 1574.527 1955.629 1875.296 2347.047 1755.14 1408.698 1647.534 1772.796 2258.317 2598.919
1966 9 1684.836 1551.13 1716.283 1634.544 1895.695 1517.278 1283.969 1493.614 1483.354 1763.585 1391.707 1141.685 1307.057 1406.193 1665.846 2001.178
1966 10 1465.007 1344.6 1491.112 1414.321 1651.893 1310.011 1108.565 1289.237 1280.087 1526.851 1198.46 982.3016 1125.419 1210.217 1435.977 1772.677
1966 11 1327.508 1213.345 1350.731 1275.168 1502.392 1177.321 992.155 1161.782 1148.554 1380.432 1074.403 876.3021 1010.897 1083.878 1294.577 1630.964
1966 12 1248.823 1137.109 1284.847 1187.23 1418.138 1116.518 938.1848 1121.412 1075.324 1310.564 1039.681 854.6439 1015.748 1024.972 1251.533 1531.939
1967 1 1176.463 1067.96 1226.922 1105.676 1341.492 1063.809 891.7247 1093.791 1008.218 1250.151 1015.35 841.9714 1029.253 974.9978 1222.061 1433.713
1967 2 1123.632 1020.345 1179.574 1051.493 1282.172 1031.178 859.3767 1080.354 966.5733 1204.99 996.8732 848.6563 1048.064 944.5429 1199.795 1350.802
1967 3 1152.697 1057.494 1234.356 1076.821 1288.702 1096.537 919.8208 1170.168 1010.584 1261.97 1105.469 970.9612 1171.308 1005.742 1291.53 1334.077
1967 4 1704.331 1543.012 1855.513 1585.342 1854.339 1691.837 1307.287 1801.09 1523.401 1918.823 1752.038 1500.852 1845.322 1503.278 2023.362 1744.741
1967 5 3569.192 3110.511 4212.811 2921.049 4465.457 3123.274 2275.753 3045.304 2663.923 3947.14 2904.965 2023.438 2576.162 2580.292 4101.795 3823.231
1967 6 2516.272 2304.292 2844.302 2271.797 2881.386 2248.176 1693.018 2118.12 2073.876 2736.092 1910.354 1517.911 1798.003 1897.808 2727.287 3014.922
1967 7 1987.516 1758.662 2264.414 1941.028 2458.022 1720.387 1443.401 1726.431 1671.818 2151.806 1619.84 1301.072 1517.55 1611.08 2019.186 2516.169
1967 8 2010.026 1820.669 2088.301 1925.125 2324.231 1813.272 1483.491 1869.059 1723.146 2210.34 1711.046 1336.892 1633.413 1685.383 2188.176 2336.375
1967 9 1742.399 1574.618 1794.546 1665.636 2001.442 1556.921 1287.752 1566.529 1489.107 1870.931 1451.553 1147.539 1368.966 1434.484 1808.858 2025.84
1967 10 1462.455 1322.523 1502.865 1393.442 1671.29 1300.774 1069.575 1281.89 1252.397 1546.772 1191.591 935.8434 1092.626 1189.141 1471.586 1720.439
1967 11 1404.249 1257.977 1444.315 1327.789 1620.584 1227.621 1000.949 1212.735 1178.291 1486.171 1113.413 862.8702 1023.081 1113.121 1401.196 1674.752
1967 12 1301.107 1167.3 1345.266 1233.53 1511.324 1133.324 917.9837 1121.959 1088.677 1376.259 1023.642 789.4365 938.4098 1023.889 1300.419 1575.342
1968 1 1215.308 1088.364 1259.701 1154.883 1418.126 1057.32 854.6125 1054.05 1015.436 1286.876 951.1118 736.6225 882.311 953.848 1218.729 1488.342
1968 2 1188.484 1060.141 1242.214 1125.581 1379.603 1037.021 842.2701 1039.417 991.7135 1259.572 941.6116 756.9659 883.6514 934.2792 1203.085 1459.355
1968 3 1115.451 1023.154 1170.899 1053.128 1309.147 993.9847 832.5377 991.1392 943.3563 1199.613 933.278 795.414 889.4229 903.5953 1169.459 1354.844
1968 4 1700.805 1638.905 1780.387 1514.084 1969.928 1693.511 1656.838 1848.247 1493.326 1927.179 1866.602 1864.507 2091.544 1545.053 2072.718 1766.989
1968 5 5998.272 5934.563 6740.145 5059.517 6483.072 6170.244 5479.313 6667.537 5497.108 6994.208 6997.343 6726.869 7024.549 6015.725 8117.072 5015.794
1968 6 6484.818 6067.653 12177.31 4986.328 9264.453 4415.673 3477.656 4031.75 4216.294 7975.153 4344.329 3205.619 3311.585 3921.994 8070.841 6441.441
1968 7 2206.535 2108.498 2786.211 2028.678 2705.688 1973.739 1718.377 1925.909 1902.178 2388.802 1926.575 1649.918 1809.118 1838.626 2426.905 2515.048
1968 8 2256.066 2148.577 2604.944 2062.897 2708.027 1993.836 1700.177 2006.847 1924.702 2508.747 1954.019 1622.813 1835.285 1895.25 2568.506 2538.879
1968 9 1873.658 1766.328 2054.023 1743.402 2165.018 1673.017 1441.361 1663.624 1613.391 2014.521 1626.655 1366.447 1518.042 1566.562 2032.833 2053.267
1968 10 1728.422 1616.744 1897.781 1602.502 2025.914 1517.754 1299.274 1508.232 1462.243 1857.351 1461.406 1215.731 1356.067 1415.638 1864.615 1934.909
1968 11 1635.825 1519.717 1794.311 1509.43 1932.228 1421.958 1210.779 1415.414 1365.343 1756.096 1359.695 1126.881 1266.595 1320.459 1757.703 1857.961
1968 12 1537.677 1420.958 1692.086 1412.691 1832.864 1327.906 1123.005 1329.924 1270.12 1653.63 1267.686 1037.96 1189.127 1227.224 1657.408 1770.399
1969 1 1482.194 1367.939 1630.141 1354.217 1774.455 1289.248 1078.754 1293.345 1222.977 1612.297 1225.821 997.197 1146.118 1182.156 1608.167 1701.423
1969 2 1390.79 1283.167 1533.797 1265 1678.91 1211.787 1010.205 1222.432 1141.893 1530.64 1152.331 940.3093 1083.104 1103.335 1531.105 1605.686
1969 3 1329.84 1222.618 1466.592 1203.289 1594.351 1168.337 971.1608 1187.893 1093.204 1460.595 1118.746 918.4312 1089.402 1064.795 1478.489 1531.17
1969 4 1810.405 1649.986 2087.658 1585.214 2116.481 1683.962 1473.174 1918.765 1531.35 2070.917 1972.067 1996.977 2242.02 1649.783 2346.661 1887.044
1969 5 6782.434 5996.71 7081.397 6085.119 7550.543 6235.418 4536.938 6161.932 5833.193 7312.793 5727.268 3736.288 4845.222 5700.629 7269.913 6838.284
1969 6 3637.458 3378.361 4181.956 3693.917 4584.961 3890.128 2621.231 3362.354 3814.297 3842.698 3248.8 2303.794 2482.822 3409.486 3690.7 4024.383
1969 7 2479.298 2321.762 2719.876 2539.246 2956.83 2275.87 1782.26 2125.706 2283.379 2565.746 2087.842 1638.426 1794.425 2103.43 2393.206 2978.743
1969 8 2153.521 2012.221 2342.226 2093.05 2493.031 2031.531 1627.133 2009.277 1993.047 2311.009 1901.667 1476.133 1697.745 1886.135 2322.724 2418.615
1969 9 1925.071 1797.703 2083.379 1887.601 2201.349 1818.207 1457.216 1752.411 1792.424 2014.684 1674.856 1308.038 1446.442 1685.035 1987.635 2158.243
1969 10 2139.219 1986.683 2492.829 1987.198 2560.377 2153.721 1710.398 2114.75 1971.229 2499.911 2182.784 1514.163 1884.891 2179.234 2465.861 2283.607
1969 11 2128.613 1980.429 2408.147 2012.964 2424.706 2071.374 1716.101 2041.558 1954.831 2347.561 2023.556 1528.38 1834.237 2045.663 2319.521 2218.697
1969 12 2118.704 1990.979 2364.858 2003.404 2392.285 2029.63 1682.186 1966.599 1936.314 2295.478 1938.163 1533.925 1807.548 1959.871 2235.894 2202.123
1970 1 2101.302 1976.911 2354.491 1986.791 2376.166 2031.852 1691.067 1974.123 1938.21 2278.992 1947.671 1545.113 1821.545 1969.347 2230.942 2164.835
1970 2 2067.007 1939.449 2326.772 1955.986 2335.056 2015.655 1675.764 1961.488 1924.668 2253.229 1941.574 1567.031 1836.165 1959.144 2216.394 2115.183
1970 3 2118.969 2010.357 2413.273 1987.704 2391.444 2114.168 1814.385 2108.741 2016.19 2371.283 2121.768 1792.64 2036.846 2100.262 2361.251 2121.837
1970 4 2712.535 2738.356 3168.027 2463.972 2972.337 2889.58 2716.27 3136.467 2696.815 3160.724 3109.792 3069.971 3576.439 3109.809 3362.727 2492.482
1970 5 7349.379 6952.828 7663.693 6201.432 8754.457 6368.455 4424.686 5894.335 5822.585 8162.433 5435.495 3175.594 4171.028 6393.156 7477.986 7689.034
1970 6 2623.716 2434.119 2706.908 2332.276 2985.011 2237.092 1873.98 2152.169 2168.329 2794.468 2060.808 1672.262 1913.94 2183.473 2465.424 2885.857
1970 7 2160.6 2049.794 2237.11 2013.732 2385.999 1963.208 1661.088 1893.629 1914.655 2231.792 1834.298 1491.776 1703.691 1920.826 2131.512 2478.26
1970 8 1937.977 1825.097 1998.033 1802.536 2138.261 1739.443 1452.426 1674.328 1694.029 2007.916 1612.147 1284.932 1477.112 1691.846 1909.026 2135.652
1970 9 2193.755 1918.249 2228.657 2043.382 2974.456 2352.258 1479.48 1937.455 1988.56 3005.448 1919.392 1310.269 1648.635 2019.621 2121.213 2509.167
1970 10 1961.68 1784.34 1982.752 1774.711 2239.287 1829.348 1457.059 1695.94 1720.198 2198.526 1645.967 1271.211 1541.28 1715.271 1930.181 2064.094
1970 11 1996.562 1795.383 1995.738 1791.491 2271.072 1896.417 1472.474 1754.335 1743.923 2221.943 1715.549 1287.98 1609.594 1738.692 1953.51 2077.665
1970 12 1908.434 1745.737 1923.002 1725.392 2104.294 1771.737 1451.565 1688.495 1673.448 2041.087 1640.667 1307.292 1578.024 1668.972 1877.67 2031.544
1971 1 1907.49 1750.691 1920.615 1726.725 2100.014 1764.288 1464.89 1690.996 1679.894 2038.968 1634.188 1329.911 1563.999 1669.091 1878.181 2017.768
1971 2 1908.948 1751.194 1918.998 1719.028 2092.587 1780.933 1484.464 1717.476 1685.066 2059.149 1663.134 1385.339 1655.301 1684.353 1902.195 1994.422
1971 3 1943.623 1793.932 1981.314 1744.718 2174.549 1880.375 1589.557 1852.017 1742.911 2195.29 1840.409 1548.108 1910.484 1759.702 2067.542 2011.745
1971 4 4758.355 3801.239 4527.105 4064.897 5875.752 4424.712 2917.433 4030.083 4081.461 5682.241 4011.209 2573.513 3137.587 3965.391 4719.222 4621.657
1971 5 3318.51 3001.144 3384.021 3133.639 3985.502 2886.808 2191.132 2922.487 2740.122 3645.523 2535.711 1856.482 2405.444 2548.304 3223.819 4232.444
1971 6 2313.079 2079.005 2288.953 2138.552 2586.814 2100.364 1729.41 1980.456 2055.187 2525.844 1879.426 1545.907 1732.801 1963.75 2225.91 2375.875
1971 7 1973.785 1826.325 1967.873 1871.424 2254.284 1816.316 1540.53 1753.175 1777.293 2066.503 1694.493 1385.865 1569.803 1723.552 1928.35 2367.444
1971 8 1751.147 1611.212 1746.183 1657.891 1942.642 1600.883 1335.008 1540.543 1563.726 1843.023 1477.292 1188.011 1358.112 1505.587 1709.282 1957.362
1971 9 1556.405 1422.233 1556.614 1473.645 1744.125 1408.889 1166.345 1356.088 1375.982 1641.65 1292.328 1027.872 1188.156 1320.505 1521.272 1793.118
1971 10 1507.792 1362.905 1502.839 1410.452 1710.232 1346.617 1114.163 1294.443 1304.092 1601.803 1226.628 969.0745 1142.327 1256.837 1472.438 1772.348
1971 11 1516.081 1361.911 1509.768 1397.35 1719.568 1364.922 1127.911 1313.938 1305.887 1632.013 1252.61 982.2068 1188.648 1273.724 1491.597 1745.469
1971 12 1499.616 1352.622 1501.51 1374.855 1700.901 1366.319 1140.647 1322.219 1300.216 1628.178 1264.945 999.3792 1222.504 1278.448 1497.88 1712.996
1972 1 1443.082 1301.626 1449.66 1315.351 1635.06 1322.358 1101.389 1289.012 1248.081 1578.759 1233.087 974.4044 1218.772 1235.641 1463.553 1644.408
1972 2 1428.072 1284.464 1429.091 1291.6 1610.339 1308.411 1091.069 1272.421 1226.51 1566.329 1224.363 978.9706 1234.152 1217.727 1451.985 1614.24
1972 3 1954.258 1684.127 1995.53 1630.943 2296.341 1758.174 1404.484 1691.947 1537.262 2291.571 1701.257 1324.627 1776.912 1577.183 2036.806 1940.301
1972 4 2248.893 1946.866 2255.525 1873.118 2538.423 1992.398 1640.756 1949.507 1791.058 2496.773 1857.262 1417.597 1746.415 1831.101 2294.297 2678.607
1972 5 2203.719 1819.002 2209.051 1890.625 2617.221 1794.131 1499.15 1747.495 1693.281 2408.86 1682.294 1330.142 1560.221 1671.089 1983.499 2585.991
1972 6 1749.053 1582.348 1742.234 1598.36 1919.693 1564.591 1330.947 1525.768 1479.528 1846.151 1470.309 1178.003 1395.585 1455.974 1677.614 2040.321
1972 7 1537.693 1380.514 1531.66 1402.26 1692.396 1360.218 1142.9 1324.764 1282.014 1622.855 1267.728 1003.938 1199.203 1257.656 1468.134 1749.606
1972 8 1318.87 1176.081 1316.588 1198.167 1458.437 1157.808 968.8245 1129.089 1089.522 1390.888 1074.273 850.4429 1016.955 1067.447 1258.964 1532.544
1972 9 1144.855 1017.37 1148.072 1038.499 1273.497 1001.308 836.9078 979.6065 942.8787 1210.275 926.0157 733.9214 880.6446 922.6278 1095.342 1355.979
1972 10 1209.919 1069.779 1460.276 1009.878 1411.859 1033.135 843.9103 996.9421 968.0569 1225.088 987.7435 749.4346 985.9861 1035.509 1187.158 1323.458
1972 11 1389.241 1239.78 1596.292 1066.683 1532.691 1194.305 949.0377 1137.352 1117.306 1380.777 1178.396 880.1984 1227.449 1220.634 1349.21 1353.492
1972 12 1401.272 1256.191 1610.624 1047.173 1533.681 1200.228 943.2224 1134.463 1123.098 1382.992 1189.288 883.584 1259.238 1238.349 1355.672 1320.667
1973 1 1358.203 1213.142 1563.047 999.9072 1484.628 1161.457 910.4839 1098.029 1084.094 1331.454 1159.584 857.6165 1236.721 1203.824 1313.87 1263.68
1973 2 1294.347 1156.619 1497.887 940.8382 1424.678 1111.658 869.2091 1052.07 1031.965 1266.53 1114.014 823.1243 1197.209 1154.958 1259.962 1197.765
1973 3 1266.108 1152.122 1478.875 925.2075 1399.116 1118.796 879.281 1073.313 1031.938 1249.093 1134.001 863.345 1250.293 1168.811 1287.125 1155.794
1973 4 1294.919 1211.194 1557.77 946.0623 1431.917 1202.323 979.5873 1223.679 1090.474 1337.535 1277.215 1041.223 1534.62 1266.554 1438.381 1147.089
1973 5 5018.127 4840.673 6456.706 3317.594 4852.057 5491.759 4546.906 6333.826 4768.279 5904.361 7079.268 5244.698 8318.69 6264.29 7458.522 2785.974
1973 6 10014.33 8422.856 11031.45 7635.375 12389.22 6834.846 4265.952 5973.302 6656.418 9978.707 5195.573 3042.555 3915.906 6014.769 8107.743 10675.4
1973 7 2857.557 2531.945 3021.329 2411.286 3532.984 2363.615 2027.837 2292.644 2317.876 2823.014 2280.079 1920.647 2249.309 2298.695 2564.931 3636.286
1973 8 2312.122 2167.148 2427.016 2054.612 2513.238 2090.672 1794.565 2038.202 2041.852 2368.843 2014.338 1675.313 1956.053 2036.256 2284.477 2371.982
1973 9 2054.811 1913.543 2146.875 1841.124 2264.275 1835.044 1558.615 1783.482 1795.718 2109.977 1744.482 1429.269 1673.853 1770.857 2018.795 2177.744
1973 10 1835.299 1694.695 1907.175 1650.291 2050.277 1617.992 1360.685 1568.142 1582.624 1884.001 1516.406 1233.309 1447.313 1544.023 1790.026 2014.832
1973 11 1640.72 1505.715 1700.66 1477.606 1853.164 1427.166 1189.253 1381.713 1396.6 1681.868 1322.846 1068.007 1256.6 1350.317 1587.417 1859.056
1973 12 1502.278 1372.383 1557.596 1349.543 1713.839 1298.198 1075.455 1257.74 1267.856 1543.166 1198.169 964.7435 1141.656 1219.956 1451.9 1741.82
1974 1 1368.421 1246.386 1421.616 1225.288 1567.611 1180.502 981.1128 1150.053 1148.21 1406.264 1094.189 887.171 1051.013 1108.965 1328.687 1611.396
1974 2 1256.356 1139.739 1306.728 1123.2 1447.156 1079.95 894.3325 1052.534 1051.453 1293.535 998.2746 807.4081 960.6707 1012.851 1215.389 1491.658
1974 3 1308.322 1224.247 1391.418 1169.795 1484.831 1176.776 983.1077 1148.571 1125.938 1394.141 1122.408 952.3243 1106.011 1102.625 1341.953 1495.49
1974 4 1764.937 1714.085 1943.175 1560.615 1983.129 1723.617 1388.196 1726.545 1580.533 1971.304 1685.468 1339.752 1657.339 1594.999 1945.363 1892.686
1974 5 2598.816 2198.817 2686.781 2089.169 2990.981 2259.745 1655.574 2179.01 2173.998 2655.916 2018.117 1501.004 1820.19 2129.301 2510.23 2903.593
1974 6 1884.431 1752.481 1942.441 1711.87 2040.567 1733.035 1453.481 1693.828 1688.384 1923.163 1624.686 1322.586 1520.549 1663.166 1849.48 1991.722
1974 7 1654.528 1533.5 1691.462 1515.941 1795.895 1513.211 1251.776 1474.657 1480.025 1675.291 1400.797 1126.787 1297.929 1444.761 1609.741 1791.226
1974 8 1440.045 1326.146 1468.859 1318.233 1578.911 1307.171 1071.786 1274.239 1278.332 1458.794 1203.334 961.1918 1110.731 1242.049 1402.317 1602.811
1974 9 1225.63 1125.925 1250.572 1124.954 1351.751 1107.07 907.7573 1078.075 1083.136 1243.619 1013.321 812.8201 935.013 1049.493 1192.362 1389.646
1974 10 1098.948 1003.029 1110.912 1003.017 1213.077 983.4097 813.8293 950.7687 958.746 1115.107 897.9956 726.602 831.0242 931.0331 1058.304 1261.058
1974 11 1011.109 915.0388 1022.32 911.6537 1125.157 901.3305 739.1154 873.6267 869.2435 1030.723 819.8671 664.2938 765.9504 844.7244 974.5115 1172.261
1974 12 919.3923 824.4097 929.168 823.9598 1034.916 818.0683 665.7122 790.996 783.9587 943.5271 742.5274 598.1028 701.3256 763.4381 890.7598 1081.008
1975 1 854.716 766.0024 863.3448 761.4688 961.4528 766.7774 628.9939 743.5338 728.5408 881.5521 701.9536 575.4252 676.6806 716.1624 837.4669 998.5911
1975 2 794.2458 711.4299 801.6279 707.2322 894.5717 714.9163 589.391 694.6889 677.3141 821.0688 658.9338 552.3468 648.4469 667.0135 779.6036 922.4599
1975 3 794.8923 726.312 805.3482 709.0604 885.439 733.7111 622.2034 725.522 692.8965 836.8587 697.0219 599.2773 702.4376 693.4051 808.0098 896.2426
1975 4 942.8045 873.7918 974.1841 810.8925 1023.657 922.6671 843.3802 987.041 839.4044 1049.853 977.6218 940.9104 1153.633 872.9579 1070.906 995.7428
1975 5 5118.152 4839.632 5115.286 3765.821 4973.737 6053.522 5443.972 6725.304 5174.054 5816.116 6896.718 6655.158 7637.452 6199.186 6916.316 3723.751
1975 6 9063.398 8125.667 8848.633 8305.77 10447.75 7532.209 5208.717 7275.65 7165.325 9711.222 5560.501 3690.914 4065.817 6680.064 8135.903 9573.883
1975 7 3096.19 2769.057 2965.388 2771.684 3717.324 2669.776 2175.898 2481.188 2589.386 3270.734 2304.938 2086.281 2222.727 2429.928 2781.58 4042.224
1975 8 2273.976 2161.129 2251.057 2122.536 2424.055 2148.628 1912.787 2132.209 2089.496 2349.791 2035.302 1817.359 1942.821 2097.453 2275.711 2401.569
1975 9 2087.029 1968.356 2072.139 1949.993 2248.249 1943.852 1693.739 1915.461 1892.045 2161.762 1806.004 1576.244 1702.562 1873.563 2079.316 2223.926
1975 10 1860.779 1743.332 1848.066 1740.683 2024.492 1700.103 1458.792 1665.247 1658.901 1924.408 1552.61 1337.605 1451.859 1619.944 1832.992 2035.527
1975 11 1729.614 1604.856 1720.986 1612.575 1900.175 1554.307 1323.667 1522.444 1515.116 1791.504 1407.893 1201.74 1320.005 1468.216 1695.052 1936.701
1975 12 1633.713 1507.782 1628.839 1513.837 1805.564 1455.94 1227.856 1424.998 1415.839 1696.081 1306.661 1107.516 1221.857 1364.43 1597.84 1850.885
1976 1 1514.951 1392.355 1512.422 1399.269 1687.867 1342.901 1121.587 1313.628 1302.95 1573.368 1198.371 1007.76 1121.662 1251.423 1480.559 1745.405
1976 2 1457.189 1332.023 1456.91 1341.652 1626.759 1289.926 1081.205 1271.802 1246.014 1519.659 1161.922 981.8527 1090.76 1203.053 1436.977 1690.428
1976 3 1371.911 1267.729 1390.185 1252.244 1524.692 1249.03 1062.257 1264.651 1190.71 1452.66 1157.196 1036.819 1175.25 1173.768 1424.718 1562.402
1976 4 1835.72 1722.018 1934.567 1638.221 2016.008 1793.836 1528.522 1926.921 1655.557 2083.089 1782.655 1567.26 1907.751 1696.718 2210.08 1877.998
1976 5 5652.071 4743.29 5428.926 4867.91 6849.039 4477.774 3279.482 4600.544 4348.191 6354.463 4109.267 2648.21 3433.658 4390.685 6020.875 6253.049
1976 6 2489.34 2240.783 2457.089 2319.392 2902.802 2190.962 1835.191 2175.524 2161.048 2670.479 1996.342 1688.965 1879.235 2090.023 2514.708 2774.249
1976 7 2108.336 1947.571 2085.15 2005.402 2364.612 1905.362 1626.625 1894.146 1877.615 2194.31 1775.681 1487.755 1672.575 1819.451 2100.825 2524.114
1976 8 1890.791 1738.315 1878.513 1806.159 2111.841 1692.137 1419.566 1675.723 1670.493 1983.861 1560.18 1284.693 1458.636 1600.363 1896.293 2147.978
1976 9 1748.586 1607.24 1880.288 1754.827 2041.732 1712.798 1469.891 1584.147 1559.295 1898.505 1521.674 1241.604 1454.124 1508.896 1799.497 1959.793
1976 10 1585.738 1426.25 1665.214 1545.374 1884.561 1455.158 1196.126 1381.609 1361.962 1733.031 1286.522 1026.6 1218.649 1304.644 1613.781 1880.117
1976 11 1409.997 1268.419 1424.297 1345.767 1631.879 1237.919 1027.553 1209.319 1198.334 1489.7 1115.733 893.2236 1048.67 1140.992 1395.248 1707.198
1976 12 1311.885 1178.568 1327.766 1241.933 1515.328 1150.871 963.3686 1133.286 1110.75 1385.303 1049.401 850.9456 1006.703 1063.315 1304.008 1597.147
1977 1 1206.61 1079.891 1221.172 1137.524 1397.087 1050.21 873.4672 1033.913 1013.917 1275.427 951.0741 762.3062 908.8205 966.8423 1192.502 1484.212
1977 2 1146.579 1028.256 1166.311 1075.582 1326.579 1003.255 844.3041 994.4591 965.5685 1217.026 913.0132 743.1746 884.7347 928.3849 1144.513 1405.647
1977 3 1203.563 1096.249 1291.943 1138.157 1428.585 1152.766 996.6833 1132.099 1044.982 1356.638 1080.475 906.2702 1126.412 1018.753 1318.016 1415.043
1977 4 1716.905 1586.201 1940.083 1610.039 2091.593 1800.85 1476.763 1846.771 1562.359 2153.544 1727.332 1355.692 1806.924 1552.843 2165.06 1821.158
1977 5 2139.281 1865.9 2216.408 2025.76 2635.612 1868.152 1340.973 1793.575 1770.45 2368.43 1501.849 1027.1 1319.013 1572.887 2214.082 2581.53
1977 6 1343.785 1198.693 1367.952 1253.8 1661.061 1109.769 861.5502 1093.19 1085.791 1456.901 962.7491 720.7512 874.6304 994.106 1295.544 1741.941
1977 7 1127.418 1008.506 1143.688 1045.385 1310.656 968.1101 767.7376 969.6792 937.3228 1194.961 864.948 650.0791 793.8763 881.3365 1124.042 1401.559
1977 8 964.1248 852.5402 978.9385 889.7711 1138.5 822.0457 641.4191 822.8206 792.1229 1033.548 726.4583 539.3994 668.1136 739.6157 973.2551 1229.122
1977 9 845.3475 747.0126 860.093 782.8741 992.3511 723.0667 565.8154 723.5848 696.6539 902.0529 638.0509 471.2681 590.6401 651.9631 846.6467 1076.212
1977 10 751.5031 661.3801 766.3919 693.6688 887.6086 638.1187 494.75 640.011 614.8451 802.6833 560.7463 410.914 515.5231 575.316 751.2032 974.0002
1977 11 765.1175 675.7715 783.6872 702.5211 901.5834 661.3364 522.1293 678.9824 632.9503 827.9228 595.729 447.6688 562.0894 598.5925 793.4533 975.2059
1977 12 692.5267 601.5651 713.0555 626.8043 822.0994 590.7028 455.4618 607.1525 558.8598 746.6123 525.3976 378.9974 493.1059 530.3254 717.9774 898.0936
1978 1 661.5916 573.9816 683.1797 594.7939 786.4429 564.8616 443.024 587.5352 533.7639 716.8251 509.7941 381.229 488.2424 509.8751 690.1223 854.1948
1978 2 633.3348 548.7648 654.9602 566.8737 752.1466 541.5386 428.9613 570.4398 509.3784 689.7524 495.2434 373.7624 479.5763 490.6407 667.9634 812.7509
1978 3 697.8425 617.2838 731.883 625.4222 806.4476 628.7724 500.4927 685.5209 572.5973 776.683 595.1716 462.0676 597.5234 576.2927 790.5037 849.0623
1978 4 988.6627 867.6732 1057.377 847.9047 1189.532 865.0735 660.5125 940.2797 795.3312 1152.697 825.3441 653.5925 825.8127 779.8405 1129.338 1183.713
1978 5 2295.603 2008.833 2393.311 1955.857 2643.428 2109.044 1550.74 2270.04 1932.61 2619.56 1976.253 1369.905 1723.801 1890.451 2707.57 2455.539
1978 6 2051.394 1854.109 1996.69 1911.019 2487.652 1707.866 1264.013 1693.788 1723.225 2180.85 1415.069 1134.365 1294.885 1531.457 1991.024 2643.733
1978 7 1522.593 1400.5 1516.53 1425.194 1697.092 1370.808 1104.692 1374.099 1342.695 1600.443 1239.419 1000.736 1147.684 1261.923 1544.885 1735.421
1978 8 1319.99 1207.596 1315.794 1233.468 1481.61 1177.498 941.8105 1177.573 1156.312 1388.661 1057.849 847.819 974.4189 1077.77 1337.219 1539.095
1978 9 1114.459 1018.379 1111.078 1044.51 1257.709 988.9034 790.9649 986.716 973.7993 1170.147 885.4338 709.4319 812.8939 904.2151 1121.157 1319.96
1978 10 997.1094 905.7828 988.2301 928.915 1123.285 878.6036 711.0132 871.2913 863.6436 1042.821 787.0553 636.8503 726.8083 804.6978 991.8503 1187.631
1978 11 1006.824 919.1132 1014.285 944.8106 1137.044 918.8707 764.6209 920.765 893.1008 1080.652 841.1948 701.7836 785.0131 835.131 1061.617 1166.509
1978 12 882.0073 801.4365 889.4849 817.3844 1014.38 807.0501 666.1537 811.448 782.1957 965.2553 737.4827 603.5977 690.3952 732.1599 956.8901 1026.819
1979 1 831.4767 757.1489 843.5066 769.073 956.5905 775.3589 657.1921 782.4976 743.9417 920.1324 723.5418 618.8264 692.5552 704.8459 924.3518 953.6992
1979 2 794.8012 728.1962 812.672 744.1907 912.7038 761.4827 659.7211 782.4349 725.86 889.0113 727.9018 663.6445 728.8567 700.5612 920.5139 898.2413
1979 3 826.9246 778.7173 856.7985 756.7306 931.1702 804.019 766.4557 859.9128 756.5425 943.5267 829.7197 839.6151 874.8331 759.1701 983.0775 884.5192
1979 4 1594.446 1505.766 1742.472 1434.68 1658.01 1695.988 1816.334 1924.257 1497.897 1942.261 2106.863 2947.057 2877.85 1666.143 2121.063 1346.553
1979 5 9845.201 10611.54 11604.85 8325.093 9506.182 13163.21 15438.57 15793.96 11330.37 12650.19 17479.62 23165.34 22101.8 14305.96 16874.51 5364.971
1979 6 29596.64 31294.1 34278.59 26738.32 31338.83 30671.95 30830 31569.14 29268.32 34071.29 29070.65 28295.13 25234.7 31492.01 36343.23 20164.82
1979 7 15867.86 15713.62 20920.87 14043.14 20613.29 11354.58 9119.009 9100.019 11628.75 16603.53 7389.716 6615.294 5622.979 10398.85 15034.68 14735.92
1979 8 4659.478 4544.656 6086 4228.332 5675.129 3811.06 3561.759 3633.089 3856.074 4754.695 3464.389 3292.981 3126.088 3800.482 4661.196 4789.426
1979 9 3186.644 3140.593 3525.187 3014.309 3566.677 2905.913 2686.519 2842.536 2871.303 3306.956 2745.328 2528.337 2582.278 2795.24 3279.804 3114.416
1979 10 2668.673 2609.402 2949.823 2626.468 2915.538 2486.748 2257.723 2404.764 2459.104 2815.182 2299.161 2069.378 2128.409 2368.044 2709.739 2784.074
1979 11 2503.766 2414.851 2615.239 2431.623 2757.27 2300.937 2069.163 2215.477 2259.331 2636.28 2109.604 1877.824 1961.422 2172.689 2519.316 2633.881
1979 12 2367.943 2263.223 2459.807 2277.401 2618.988 2156.978 1921.12 2070.341 2105.222 2496.055 1962.777 1734.921 1836.951 2018.674 2368.653 2507.923
1980 1 2246.487 2137.595 2331.864 2135.115 2487.932 2048.568 1824.595 1975.09 1980.71 2371.52 1876.199 1676.686 1781.224 1912.386 2259.01 2370.476
1980 2 2159.669 2046.856 2242.908 2040.321 2407.403 1975.925 1765.268 1922.202 1901.422 2286.153 1837.513 1699.041 1818.609 1848.652 2200.08 2286.851
1980 3 1955.231 1865.031 2046.772 1828.505 2186.153 1818.302 1656.564 1785.088 1728.175 2101.296 1741.854 1802.331 1851.939 1712.886 2048.243 2054.897
1980 4 2475.877 2472.24 2726.133 2219.42 2674.545 2545.362 2588.445 2852.267 2297.276 2817.033 2937.681 3494.629 3862.071 2560.111 3057.449 2363.941
1980 5 10022.9 10362.54 11345.94 8969.363 10011.6 11688.29 12358.4 13837.27 10409.1 11849.75 14098.51 15313.47 17133.6 12513.2 13820.75 7183.118
1980 6 29227.1 31537.77 30520.57 31805.13 34561.11 29338.17 25061.2 28635.8 27367.33 38085.98 26749.71 21185.78 23028.2 30251.79 32414.07 25782.79
1980 7 8165.153 9140.024 8238.047 10047.44 10413.16 7854.602 6043.267 6693.277 7505.368 10924.08 6148.072 4584.29 4950.756 7846.056 8060.87 8397.837
1980 8 3629.527 3922.075 3500.717 4410.915 4744.098 3297.759 2764.458 3057.575 3189.133 4621.479 2863.465 2457.157 2602.954 3256.724 3441.709 4340.553
1980 9 2628.13 2588.273 2667.539 2785.739 2948.365 2488.754 2211.17 2423.742 2451.882 2882.993 2291.542 2002.421 2143.352 2390.837 2613.098 2850.535
1980 10 2291.623 2242.419 2317.831 2334.036 2534.338 2132.252 1871.197 2063.694 2094.976 2444.123 1936.614 1669.972 1800.401 2036.833 2254.543 2538.087
1980 11 2055.498 2001.112 2071.981 2086.027 2293.299 1885.419 1639.009 1817.457 1848.462 2190.222 1694.822 1450.523 1568.552 1791.717 2001.897 2316.427
1980 12 1902.927 1841.063 1909.646 1918.287 2132.668 1723.888 1490.306 1659.091 1684.515 2025.494 1540.434 1310.513 1423.078 1631.511 1835.94 2162.962
1981 1 1778.74 1711.362 1779.35 1778.99 1996.49 1597.426 1376.355 1538.091 1553.516 1891.531 1425.454 1199.471 1315.658 1507.716 1706.195 2021.68
1981 2 1667.116 1594.392 1663.336 1655.877 1872.259 1489.585 1281.169 1435.944 1445.46 1770.195 1329.711 1108.965 1225.765 1405.928 1592.967 1894.568
1981 3 1581.768 1506.882 1577.656 1561.369 1773.443 1417.247 1216.658 1373.238 1372.332 1682.349 1268.039 1057.267 1176.133 1341.529 1523.437 1790.919
1981 4 1602.219 1520.699 1599.605 1566.945 1802.45 1447.831 1231.37 1414.474 1399.314 1719.926 1301.51 1076.636 1210.296 1378.749 1579.883 1797.563
1981 5 1783.483 1638.781 1735.551 1714.611 2104.868 1548.076 1272.834 1509.283 1501.154 1948.783 1354.514 1104.16 1247.3 1454.05 1753.653 2093.457
1981 6 1682.475 1570.627 1646.875 1641.694 1932.16 1475.822 1180.988 1455.009 1427.751 1814.812 1278.248 1029.019 1162.504 1367.081 1659.732 1959.966
1981 7 1426.516 1356.185 1494.127 1446.786 1594.038 1287.605 1050.554 1261.068 1255.346 1596.169 1124.932 914.2553 1069.466 1197.885 1438.3 1654.39
1981 8 1431.396 1321.152 1402.001 1458.199 1689.977 1205.488 983.7832 1202.43 1155.829 1534.149 1165.324 910.3194 1019.149 1117.776 1463.749 1580.79
1981 9 1316.885 1233.705 1303.542 1328.418 1522.831 1129.24 939.3635 1134.067 1080.175 1399.698 1119.026 890.0373 973.6075 1041.197 1338.304 1437.959
1981 10 1234.562 1174.826 1296.773 1196.621 1397.597 1128.189 898.6406 1092.14 1055.085 1451.934 970.6254 810.084 966.3897 997.7328 1291.087 1341.194
1981 11 1239.033 1142.082 1237.011 1172.499 1422.985 1071.631 903.5945 1047.071 1025.382 1348.605 971.3693 813.3597 940.3638 989.4212 1198.515 1400.358
1981 12 1199.305 1123.319 1210.189 1148.798 1367.544 1066.605 900.4113 1041.793 1016.809 1325.626 969.0983 808.5889 941.4503 984.5748 1195.113 1388.238
1982 1 1182.428 1107.687 1193.084 1128.213 1345.521 1053.26 888.6837 1029.692 1000.501 1309.184 960.0396 799.5692 936.1379 971.5322 1181.214 1363.008
1982 2 1161.991 1091.154 1174.073 1107.586 1321.364 1041.882 878.0579 1021.339 984.306 1290.519 955.4142 804.523 939.9264 957.1584 1170.906 1325.95
1982 3 1194.104 1124.613 1211.447 1125.422 1353.32 1076.976 920.4712 1089.731 991.0947 1346.871 1090.669 1002.556 1086.45 988.2286 1274.402 1301.074
1982 4 1913.248 1863.492 1992.917 1793.492 2089.74 1858.925 1555.917 1937.067 1607.59 2205.132 1945.834 1603.934 1819.342 1699.354 2224.947 1745.416
1982 5 3344.274 3057.948 3516.839 2934.855 3937.794 3327.444 2567.636 3488.843 2978.741 4026.328 3210.649 2530.011 3138.385 3070.415 4093.685 3014.097
1982 6 3234.388 2890.701 3184.62 3035.414 3741.251 2707.27 1991.057 2590.569 2638.408 3356.661 2227.379 1704.68 1923.767 2392.594 2965.091 4685.298
1982 7 2031.362 1921.716 2001.072 1937.338 2266.976 1891.01 1589.374 1850.733 1831.527 2108.389 1715.608 1449.251 1610.057 1785.265 2043.095 2215.643
1982 8 1835.003 1722.595 1832.644 1767.638 2064.114 1695.216 1414.11 1669.693 1651.503 1943.076 1545.023 1278.502 1439.137 1598.657 1890.503 2096.17
1982 9 1867.515 1706.419 1917.207 1756.254 2213.798 1700.557 1346.781 1696.47 1628.049 2069.615 1497.492 1184.92 1441.411 1555.299 1969.045 2183.817
1982 10 1616.105 1494.085 1622.462 1529.655 1852.047 1459.674 1207.165 1422.392 1412.53 1699.314 1313.994 1073.123 1222.232 1362.624 1618.064 1880.857
1982 11 1617.627 1490.277 1620.092 1521.376 1834.41 1461.295 1204.065 1427.897 1401.739 1699.047 1315.723 1069.404 1239.446 1359.98 1621.433 1818.159
1982 12 1612.124 1477.328 1618.898 1502.636 1830.817 1463.622 1208.327 1441.388 1390.183 1705.885 1331.019 1082.425 1287.162 1363.052 1639.283 1793.359
1983 1 1572.167 1429.261 1579.928 1451.481 1793.578 1424.007 1182.864 1412.554 1344.205 1674.326 1306.498 1069.148 1281.539 1327.873 1608.914 1745.66
1983 2 1516.452 1373.017 1527.36 1390.136 1746.942 1374.095 1146.32 1369.226 1291.08 1620.591 1270.978 1052.29 1263.367 1281.771 1562.907 1689.769
1983 3 1529.107 1393.246 1563.898 1383.132 1745.018 1423.347 1184.86 1464.22 1294.03 1672.141 1357.433 1153.359 1463.105 1327.937 1657.028 1668.003
1983 4 1629.499 1522.756 1722.522 1459.271 1856.834 1591.244 1398.093 1720.29 1440.318 1835.83 1621.159 1437.974 1862.742 1514.772 1884.12 1748.458
1983 5 3913.003 3447.481 3972.99 3432.164 4364.644 3620.769 2733.523 3746.459 3407.061 4417.015 3396.024 2446.008 3145.685 3465.174 4556.839 3690.866
1983 6 4766.366 3833.377 4772.802 4341.77 6121.794 3927.667 2736.567 3758.952 3836.736 5510.419 3286.722 2329.924 2867.832 3515.804 5022.055 6103.47
1983 7 2328.093 2114.188 2322.75 2257.533 2756.92 2080.969 1765.734 2049.931 2073.661 2510.447 1936.257 1623.178 1834.058 1979.656 2314.973 2972.097
1983 8 2010.101 1851.268 2017.134 1930.614 2242.24 1843.036 1549.994 1818.866 1811.253 2137.037 1713.281 1401.413 1596.207 1746.434 2066.53 2248.157
1983 9 1794.151 1639.957 1799.974 1721.477 2013.176 1626.826 1350.391 1599.678 1600.994 1904.709 1498.314 1205.734 1385.631 1535.309 1829.992 2033.863
1983 10 1662.195 1507.334 1669.181 1582.474 1876.271 1490.904 1227.193 1465.543 1462.543 1763.997 1364.234 1076.214 1262.325 1399.791 1686 1943.427
1983 11 1557.348 1409.249 1563.821 1475.918 1757.792 1389.704 1137.555 1368.752 1359.123 1651.292 1268.526 989.2366 1177.934 1299.674 1575.387 1800.509
1983 12 1473.59 1326.885 1480.767 1388.931 1664.986 1305.282 1065.305 1288.127 1272.796 1562.747 1190.191 924.5953 1108.886 1217.994 1488.74 1712.962
1984 1 1386.071 1238.236 1394.471 1296.787 1570.027 1217.659 991.8992 1205.333 1183.976 1472.88 1111.518 856.9962 1034.474 1135.059 1400.569 1624.324
1984 2 1345.593 1196.963 1355.889 1252.152 1528.598 1177.873 957.3207 1166.362 1141.584 1436.734 1078.094 832.0612 1012.866 1096.744 1364.075 1588.214
1984 3 1225.599 1088.424 1235.473 1132.647 1402.272 1072.441 872.2123 1076.541 1037.617 1314.97 991.5211 785.4095 956.6594 999.9046 1258.255 1460.86
1984 4 1305.297 1190.072 1358.22 1190.419 1466.777 1231.463 1076.34 1315.003 1162.996 1451.555 1265.416 1108.489 1397.804 1172.383 1490.366 1478.494
1984 5 7873.657 7061.249 8990.679 6605.912 8826.195 7688.969 5788.23 7993.703 6930.269 9367.587 7769.234 5949.882 7583.691 6902.889 9981.414 7011.908
1984 6 5303.654 4563.831 5896.603 4978.061 6873.131 4281.056 2931.736 3965.326 4135.25 5895.05 3635.293 2446.703 2752.48 3650.056 5418.843 6636.099
1984 7 2497.382 2318.665 3079.964 2407.213 3064.838 2269.269 1958.111 2254.267 2201.807 2717.554 2197.127 1921.238 2074.326 2141.353 2664.172 3098.262
1984 8 2285.451 2140.085 2466.9 2181.515 2598.762 2110.852 1790.953 2093.707 2046.644 2474.608 2023.925 1720.865 1890.874 1986.703 2463.728 2514.769
1984 9 2070.657 1927.486 2231.084 1974.663 2370.747 1898.185 1587.02 1878.729 1842.548 2238.542 1800.429 1497.534 1667.649 1782.374 2217.393 2318.458
1984 10 2058.71 1901.89 2230.689 1943.843 2399.156 1868.508 1566.201 1845.182 1798.729 2271.412 1763.517 1460.747 1661.664 1754.391 2209.346 2331.681
1984 11 1960.491 1810.96 2117.68 1840.539 2248.342 1785.898 1488.568 1766.752 1711.08 2144.825 1687.496 1386.906 1605.403 1672.828 2108.001 2182.497
1984 12 1944.165 1794.984 2098.232 1816.992 2225.49 1778.942 1496.751 1763.149 1696.396 2131 1695.615 1403.947 1631.204 1671.641 2096.072 2142.484
1985 1 1888.052 1740.656 2042.577 1755.387 2163.53 1735.568 1465.168 1723.312 1646.245 2078.916 1662.543 1386.276 1618.151 1633.862 2054.053 2078.043
1985 2 1805.199 1660.447 1958.042 1672.22 2077.11 1661.091 1401.097 1653.133 1569.06 2001.187 1591.713 1332.356 1564.59 1562.682 1982.068 1994.567
1985 3 1804.011 1676.278 1967.864 1655.431 2072.058 1690.784 1457.818 1710.799 1569.612 2043.976 1679.318 1454.856 1718.24 1609.122 2061.038 1962.269
1985 4 3171.225 3173.934 3734.674 2702.441 3527.272 3669.676 3405.689 4023.061 3139.297 3994.022 4274.737 3956.982 4696.865 3707.2 4531.462 2846.655
1985 5 8126.67 7594.868 8456.946 6756.188 8724.803 8206.964 6466.555 8677.95 7299.879 9788.271 8012.089 6364.151 8164.046 8080.667 9960.845 6306.734
1985 6 9703.868 8413.25 9078.557 8553.408 12507.5 7268.478 5540.606 6863.021 7121.147 10317.52 5485.467 4048.144 4484.43 6521.827 7990.526 12358.82
1985 7 2733.467 2564.63 2763.99 2557.209 3222.229 2487.734 2190.738 2468.671 2410.232 2860.173 2350.257 2048.528 2287.249 2395.489 2718.26 3263.757
1985 8 2626.745 2499.869 2779.332 2460.044 2924.337 2329.855 2006.131 2365.642 2265.534 2862.11 2169.402 1837.562 2145.321 2231.533 2645.691 2784.725
1985 9 5258.92 4269.89 5498.497 5209.24 7872.701 7362.979 3334.771 5666.816 5433.275 9201.127 5792.107 3340.609 5711.739 5142.036 5068.532 4354.167
1985 10 5014.361 4371.049 4893.512 4694.327 6178.362 5285.601 3743.29 4530.42 4511.97 6414.517 4711.774 3599.854 4626.886 4635.229 4678.201 4654.186
1985 11 3040.751 2854.192 3048.892 2866.605 3360.695 3166.731 2751.292 3067.139 2855.294 3455.223 3119.132 2936.437 3362.988 2926.519 3202.445 2985.126
1985 12 2517.389 2349.871 2533.199 2398.809 2772.138 2491.261 2142.128 2401.186 2345.23 2730.914 2358.745 2095.343 2416.158 2332.811 2509.556 2629.468
1986 1 2473.963 2301.306 2484.779 2351.406 2730.49 2436.427 2104.292 2350.927 2303.917 2691.114 2311.047 2062.186 2335.096 2284.071 2459.154 2577.164
1986 2 2432.164 2262.912 2442.698 2304.816 2690.859 2411.474 2089.778 2333.456 2269.277 2665.383 2307.671 2098.521 2364.863 2258.878 2431.57 2526.254
1986 3 2721.106 2592.034 2802.619 2485.985 2970.27 2862.687 2655.163 2926.544 2607.871 3050.242 3013.939 3223.147 3450.79 2744.397 2954.643 2616.498
1986 4 5132.573 5184.351 5750.404 4693.987 5454.42 6107.173 5242.373 6341.374 5162.005 6332.616 6412.956 5660.64 6857.413 5673.024 6336.773 4274.063
1986 5 9629.537 8286.114 9480.876 9327.929 11615.09 8507.797 6287.522 8083.273 8626.124 10968.49 7316.934 4598.715 5703.829 7772.853 9930.074 9757.776
1986 6 4213.254 3576.1 4206.291 4084.445 5725.991 3463.705 2740.392 3302.033 3526.11 4699.353 2961.196 2383.976 2736.561 3162.243 4041.036 5399.035
1986 7 2859.062 2647.317 2884.037 2773.482 3292.974 2691.495 2315.045 2656.239 2615.399 3075.363 2526.879 2171.332 2457.947 2539.561 2905.778 3350.184
1986 8 2547.519 2383.194 2571.241 2471.223 2830.306 2410.039 2054.741 2352.801 2346.248 2730.663 2241.744 1893.421 2150.042 2264.632 2552.498 2711.381
1986 9 2352.092 2177.178 2392.703 2276.085 2672.695 2195.225 1842.623 2143.212 2139.537 2552.182 2015.67 1662.88 1929.833 2050.211 2363.001 2591.235
1986 10 2336.489 2132.555 2411.262 2193.783 2751.13 2179.011 1812.747 2127.493 2080.284 2681.204 2007.777 1614.448 1955.119 2036.59 2419.397 2537.048
1986 11 2647.003 2424.928 2737.872 2419.802 3077.783 2569.237 2166.769 2564.031 2348.874 3169.101 2471.613 2099.984 2744.259 2440.562 2968.905 2681.773
1986 12 2496.965 2336.131 2558.566 2351.771 2826.969 2410.195 2105.282 2382.409 2268.327 2796.919 2304.79 1990.803 2342.381 2282.741 2614.56 2606.76
1987 1 2481.079 2329.015 2538.607 2327.643 2791.908 2406.606 2128.303 2377.01 2259.091 2767.521 2317.937 2020.437 2332.441 2277.646 2596.096 2567.821
1987 2 2432.474 2283.199 2503.086 2269.598 2735.279 2377.091 2113.602 2377.681 2214.958 2728.012 2323.711 2062.217 2410.978 2253.358 2588.903 2494.462
1987 3 2456.594 2292.364 2540.185 2259.467 2755.275 2435.329 2197.356 2474.417 2250.73 2786.276 2454.547 2305.269 2726.726 2325.797 2711.875 2463.962
1987 4 3655.505 3493.018 4003.786 3217.475 4015.219 4202.235 3820.388 4582.888 3654.806 4537.797 4716.154 4131.094 5104.124 4107.169 4895.573 3149.681
1987 5 9336.736 9109.76 9714.553 8246.948 9769.961 9775.887 9317.949 9823.797 9042.204 10924.7 10385.95 8853.383 9319.856 10594.86 11446.85 7019.32
1987 6 8440.021 8054.554 7762.801 8056.946 10553.29 6093.898 4060.751 5505.572 6183.948 9074.73 4719.924 2859.356 3228.032 6574.797 7317.733 11237.36
1987 7 2852.134 2758.091 2832.975 2816.875 3234.678 2673.422 2347.711 2580.822 2623.02 2995.039 2509.617 2171.681 2362.741 2611.674 2858.471 3555.811
1987 8 2462.621 2352.988 2470.736 2423.543 2735.064 2298.309 2007.65 2243.061 2249.232 2602.897 2148.087 1832.883 2007.57 2200.452 2501.331 2736.279
1987 9 2117.643 2022.04 2116.503 2079.748 2346.174 1953.217 1696.572 1895.83 1914.386 2218.464 1810.621 1539.371 1680.904 1865.247 2114.549 2387.508
1987 10 1843.992 1753.931 1839.912 1805.7 2051.742 1682.69 1458.264 1632.382 1648.005 1922.109 1551.649 1319.284 1440.251 1601.234 1824.977 2129.69
1987 11 1746.335 1643.302 1738.688 1688.71 1959.227 1570.261 1348.14 1527.482 1528.677 1818.796 1441.019 1214.791 1337.635 1483.277 1720.778 2032.471
1987 12 1698.048 1583.335 1688.924 1622.153 1917.715 1510.238 1279.067 1471.004 1460.876 1773.898 1378.557 1140.458 1273.115 1417.876 1677.843 1969.037
1988 1 1616.102 1502.494 1609.258 1534.673 1827.916 1435.605 1210.653 1401.984 1383.514 1693.453 1313.404 1081.473 1214.665 1345.699 1606.341 1873.347
1988 2 1578.832 1465.116 1573.219 1494.171 1783.921 1405.489 1186.077 1379.74 1349.719 1658.683 1293.78 1067.731 1203.444 1317.664 1579.565 1824.545
1988 3 1477.759 1374.452 1475.91 1388.429 1663.931 1339.761 1142.267 1340.65 1266.99 1566.107 1270.507 1097.646 1251.81 1259.871 1514.914 1688.707
1988 4 2601.682 2556.719 2830.453 2395.517 2855.091 2715.349 2424.232 2892.463 2496.773 3000.059 2834.33 2720.586 2835.264 2609.551 3217.191 2480.351
1988 5 3300.07 2966.743 3542.481 3320.948 4037.518 2768.173 2087.938 2677.518 2721.902 3959.549 2373.084 1880.855 1966.992 2535.863 3162.565 3654.316
1988 6 2253.917 2096.09 2355.644 2312.711 2641.472 2094.651 1676.329 2046.022 2072.813 2505.461 1877.361 1482.456 1658.206 1953.998 2325.839 2818.712
1988 7 2074.415 1935.124 2148.689 2072.37 2353.69 1960.887 1530.751 1948.649 1943.345 2274.881 1776.128 1352.941 1578.243 1850.392 2215.254 2374.823
1988 8 1723.998 1609.324 1759.118 1662.226 1953.034 1579.995 1294.297 1566.007 1547.378 1843.398 1460.019 1165.531 1309.009 1481.312 1782.007 1987.211
1988 9 1512.242 1404.19 1546.854 1454.907 1730.749 1373.496 1120.55 1359.755 1346.708 1619.612 1255.559 997.0459 1121.199 1283.25 1538.663 1788.521
1988 10 1354.974 1253.791 1387.103 1300.484 1558.107 1222.296 990.7542 1206.704 1196.15 1448.129 1109.341 878.0394 987.5912 1140.064 1369.637 1623.795
1988 11 1269.803 1172.776 1298.899 1214.168 1457.222 1142.256 928.4726 1131.249 1114.096 1352.474 1037.77 821.3724 933.7694 1064.875 1281.487 1518.693
1988 12 1190.55 1095.098 1221.432 1134.747 1372.591 1067.13 867.3171 1061.379 1038.877 1270.291 970.498 762.6645 879.6075 993.5836 1204.204 1434.91
1989 1 1126.826 1034.582 1160.319 1069.833 1302 1012.806 824.3297 1011.998 982.4568 1205.4 926.6509 727.519 848.9968 942.8917 1149.743 1359.522
1989 2 1076.861 987.2974 1112.768 1017.334 1241.277 975.6373 798.1429 983.7195 940.8854 1157.347 903.4482 721.6087 848.9925 911.2568 1112.5 1291.602
1989 3 1609.478 1479.55 1778.878 1322.966 1838.958 1613.269 1367.425 1649.51 1488.839 1676.475 1516.236 1704.334 2067.691 1527.216 1932.165 1486.262
1989 4 4173.79 3997.068 4765.084 3760.542 4454.543 4480.799 3609.044 4667.832 4112.377 5000.236 4779.18 3464.087 3962.951 4183.706 5262.251 3789.136
1989 5 3892.832 3204.515 3659.046 3450.146 4644.333 3091.61 2289.318 2998.953 2937.938 4001.019 2761.032 1828.6 2198.932 2983.346 3478.592 4870.154
1989 6 2171.949 1995.866 2210.66 2038.818 2422.88 2007.504 1700.159 2006.428 1943.476 2292.926 1887.925 1576.165 1747.596 1882.794 2150.591 2383.15
1989 7 1877.93 1749.583 1905.858 1804.629 2063.272 1745.869 1469.501 1738.466 1708.382 1952.686 1631.846 1341.822 1500.008 1636.306 1879.932 2121.119
1989 8 1650.013 1520.476 1676.562 1582.951 1838.537 1504.678 1250.595 1500.109 1470.858 1714.607 1390.612 1130.073 1272.734 1402.549 1638.249 1883.248
1989 9 1459.917 1336.835 1489.437 1395.673 1645.155 1316.482 1088.401 1316.592 1283.741 1521.736 1209.582 975.8151 1109.507 1224.99 1449.206 1715.617
1989 10 1357.893 1224.345 1379.902 1276.722 1546.587 1200.344 987.9553 1195.969 1161.571 1416.074 1091.174 872.1746 1005.865 1110.013 1332.398 1622.104
1989 11 1268.124 1131.293 1285.884 1178.328 1453.92 1101.865 896.6297 1095.34 1061.962 1322.967 989.7056 781.0647 910.1953 1012.325 1230.797 1532.286
1989 12 1195.555 1062.16 1210.722 1105.117 1375.614 1032.404 836.812 1025.883 991.6933 1246.881 922.7137 725.5467 849.9724 946.651 1154.661 1459.514
1990 1 1117.7 991.0551 1131.745 1029.035 1286.757 962.1489 776.5991 956.5524 921.3555 1165.857 856.612 673.2971 789.5425 880.0265 1077.428 1373.503
1990 2 1052.157 931.2882 1064.77 964.1608 1208.978 904.6945 731.9884 903.0035 863.1101 1099.394 807.6409 636.3711 750.9733 827.9256 1014.061 1293.728
1990 3 1073.043 969.8618 1097.296 982.0092 1219.909 950.9512 797.6858 967.5951 897.3231 1137.827 882.2982 737.6952 855.0822 887.0024 1077.979 1290.473
1990 4 2069.142 1958.665 2433.735 1704.763 2187.065 2065.529 1751.841 2499.53 1749.672 2511.011 2339.092 1914.646 2517.381 2118.267 2714.106 1961.311
1990 5 7495.968 6225.633 7493.068 6154.716 8716.732 6381.308 4265.703 6850.916 5804.812 8250.771 5561.54 3804.753 5029.888 5800.829 7669.293 7347.413
1990 6 2860.662 2456.745 2766.129 2556.061 3622.88 2404.643 1930.239 2405.094 2312.934 2952.787 2102.005 1746.062 1970.583 2205.202 2640.789 3624.731
1990 7 2175.133 2018.856 2192.679 2045.655 2399.755 2018.537 1707.138 2044.943 1960.054 2275.854 1866.6 1573.286 1783.495 1919.955 2178.409 2416.826
1990 8 1973.451 1821.616 1989.859 1854.033 2192.848 1817.031 1517.862 1835.641 1765.962 2066.567 1668.369 1385.156 1581.635 1718.779 1974.812 2174.975
1990 9 1792.93 1649.11 1816.802 1688.852 2024.732 1647.325 1362.401 1658.413 1601.542 1898.077 1507.336 1232.009 1420.338 1552.201 1799.76 2015.567
1990 10 1997.941 1733.112 2048.448 1789.009 2512.061 1803.807 1397.426 1728.438 1689.794 2328.355 1583.276 1229.893 1488.128 1636.058 2026.734 2389.505
1990 11 1808.763 1625.45 1831.841 1656.29 2075.334 1664.508 1366.903 1665.031 1584.863 1976.198 1551.237 1235.076 1542.355 1544.779 1826.514 2023.5
1990 12 1785.496 1592.021 1797.673 1616.258 2034.315 1631.482 1351.519 1632.486 1550.667 1926.037 1495.606 1219.395 1466.855 1513.828 1784.526 1979.682
1991 1 1768.379 1566.129 1778.474 1584.418 2016.109 1619.511 1348.477 1617.546 1529.595 1918.718 1490.502 1220.774 1467.207 1501.483 1774.965 1957.024
1991 2 1751.11 1549.03 1770.285 1564.135 2002.888 1626.038 1358.978 1638.551 1524.902 1921.16 1527.428 1257.623 1529.455 1507.614 1787.539 1924.406
1991 3 1726.828 1537.409 1749.435 1531.092 1973.554 1619.301 1382.279 1650.837 1506.448 1908.854 1550.186 1374.687 1660.549 1517.654 1798.318 1876.645
1991 4 2173.002 1952.461 2344.463 1895.175 2550.791 2308.937 1960.331 2452.8 1981.315 2710.104 2452.297 2090.608 2621.428 2150.411 2686.738 2170.235
1991 5 6945.57 6051.8 6968.92 5949.231 7658.625 6421.539 4835.346 6535.602 6146.949 8037.433 5976.93 4454.716 5266.539 6058.697 7681.514 6405.517
1991 6 3835.56 3344.338 3820.671 3579.161 5021.268 3198.082 2263.08 3000.017 3114.486 4244.409 2493.698 1980.814 2183.417 2764.45 3596.259 5488.034
1991 7 2488.432 2219.881 2474.107 2254.747 2795.407 2215.97 1891.893 2193.776 2151.807 2648.599 2052.524 1746.921 1955.804 2101.95 2440.215 2948.846
1991 8 2182.089 2006.497 2203.733 2033.573 2447.744 2023.885 1695.533 2027.442 1966.376 2371.623 1871.545 1549.83 1761.742 1913.651 2274.379 2461.461
1991 9 1943.755 1792.842 1946.545 1821.409 2165.889 1798.081 1505.602 1774.719 1751.186 2072.671 1648.752 1366.157 1543.534 1696.512 1957.803 2189.789
1991 10 1763.469 1622.176 1769.749 1650.106 1967.109 1618.715 1350.209 1597.74 1573.77 1876.785 1476.607 1205.271 1381.989 1521.822 1771.371 1987.857
1991 11 1676.428 1535.906 1697.599 1562.999 1869.216 1542.389 1295.458 1546.198 1487.647 1793.324 1424.979 1171.481 1379.137 1443.483 1717.089 1894.852
1991 12 1548.369 1414.551 1572.556 1436.645 1735.34 1424.074 1196.242 1437.207 1369.868 1663.034 1323.544 1093.417 1298.118 1334.985 1591.022 1768.722
1992 1 1441.263 1315.618 1471.914 1333.571 1621.95 1331.227 1116.929 1352.185 1276.126 1557.468 1245.301 1031.242 1239.551 1247.411 1497.638 1660.901
1992 2 1390.489 1272.453 1431.724 1286.024 1569.548 1293.276 1091.651 1328.188 1233.333 1518.248 1228.099 1026.722 1248.391 1213.215 1467.517 1607.956
1992 3 1329.595 1245.853 1398.947 1221.568 1488.276 1280.958 1095.616 1346.905 1206.173 1491.239 1245.778 1092.715 1349.518 1212.453 1483.869 1498.039
1992 4 3024.95 2956.829 3419.47 2919.028 3153.411 3631.636 3175.813 3740.283 3567.367 3733.63 4010.746 3461.335 4051.831 3569.794 4711.694 2247.133
1992 5 5644.375 4801.298 5497.048 5262.553 6934.98 4527.177 3139.775 4292.696 4237.11 6613.128 3763.24 2475.308 2952.576 3914.997 5599.143 6847.496
1992 6 3301.262 2998.449 3396.653 3370.961 4036.583 2891.191 2206.406 2843.004 2753.844 3812.804 2421.914 1907.436 2222.912 2550.694 3421.953 4133.026
1992 7 2176.958 2022.29 2200.487 2147.375 2518.711 1998.699 1670.418 1967.512 1947.401 2393.567 1835.298 1543.611 1703.816 1872.612 2268.511 2672.168
1992 8 2135.356 1942.318 2179.819 2039.808 2509.614 1926.633 1565.408 1924.703 1847.263 2450.203 1750.366 1427.743 1644.139 1806.303 2357.454 2494.744
1992 9 1843.77 1697.101 1864.384 1772.44 2125.491 1665.453 1368.096 1635.496 1612.517 2042.553 1508.474 1239.016 1387.437 1548.174 1936.598 2133.853
1992 10 1681.293 1545.277 1698.084 1615.262 1944.776 1505.798 1235.867 1479.11 1455.28 1856.253 1357.087 1108.268 1244.621 1394.6 1753.734 1952.772
1992 11 1589.424 1455.076 1607.958 1520.143 1848.116 1417.276 1160.409 1398.445 1360.558 1754.119 1274.329 1035.982 1178.105 1305.256 1658.042 1861.165
1992 12 1487.662 1354.838 1507.988 1416.805 1742.584 1321.084 1078.048 1308.303 1262.477 1646.147 1185.688 959.8276 1100.623 1213.302 1557.806 1758.668
1993 1 1398.261 1268.078 1421.62 1326.082 1646.233 1240.634 1011.983 1240.141 1177.795 1552.329 1117.4 911.7994 1064.523 1137.299 1475.652 1664.09
1993 2 1314.182 1189.042 1339.891 1242.779 1554.644 1166.471 947.8793 1174.237 1102.136 1465.743 1061.403 871.1285 1020.397 1064.574 1400.694 1572.236
1993 3 1379.493 1291.993 1435.678 1302.652 1603.951 1295.07 1132.132 1350.165 1188.357 1568.418 1250.781 1166.085 1328.503 1201.77 1553.554 1587.94
1993 4 2106.225 2193.694 2366.674 1976.315 2310.487 2367.522 2361.411 2730.813 1970.744 2632.766 2807.45 3124.773 3412.903 2353.297 2893.501 2028.509
1993 5 8689.644 8375.586 9234.792 7356.725 8727.971 9643.036 8295.548 10422 8472.654 10374.49 10218.13 7936.462 9757.007 9573.17 11601.51 6197.541
1993 6 9366.702 7880.102 9070.932 8458.081 11774.96 7009.924 4413.411 6159.785 6608.429 9479.106 5266.508 3165.798 3812.124 6042.219 7792.399 11348.9
1993 7 3407.125 3181.567 3312.001 3303.313 4021.81 2871.167 2316.353 2669.048 2759.55 3480.603 2510.335 2031.767 2243.973 2624.409 3055.885 4741.966
1993 8 2496.659 2370.396 2486.113 2417.36 2866.768 2270.461 1963.837 2234.416 2161.647 2572.17 2186.325 1850.252 1985.807 2142.72 2489.367 2789.848
1993 9 2707.21 2484.684 2468.544 2539.707 4430.745 2212.43 1935.26 2142.658 2047.091 2566.576 2204.644 1853.296 1893.458 2052.881 2519.188 2669.524
1993 10 2213.881 2071.273 2156.658 2121.367 2598.779 1942.946 1688.528 1897.06 1830.708 2247.818 1875.817 1565.167 1667.456 1817.918 2177.808 2334.046
1993 11 2144.918 1997.353 2080.156 2044.684 2526.923 1868.957 1627.786 1826.151 1749.256 2166.286 1808.958 1518.553 1618.086 1739.86 2099.647 2232.476
1993 12 2064 1910.42 1989.465 1956.021 2446.32 1784.549 1554.796 1746.633 1655.903 2074.394 1740.384 1461.526 1561.201 1652.936 2015.502 2131.827
1994 1 1988.86 1833.137 1909.315 1874.339 2371.525 1712.833 1500.84 1681.875 1572.927 1992.72 1685.696 1433.68 1527.046 1579.187 1943.23 2031.012
1994 2 1912.403 1760.606 1830.748 1795.532 2301.817 1645.758 1451.93 1621.182 1499.119 1910.908 1643.277 1415.091 1500.126 1512.742 1875.8 1929.249
1994 3 1991.933 1851.799 1919.864 1854.072 2385.615 1752.35 1616.649 1779.037 1559.424 2006.804 1905.486 1784.87 1846.76 1618.01 2040.202 1921.767
1994 4 3287.977 3222.095 3416.88 2806.28 3953.49 3284.049 3076.663 3586.79 2586.794 3555.873 4076.642 4003.605 4206.237 3155.199 4115.05 2481.087
1994 5 8583.754 7236.624 8190.709 7593.783 10363.75 7051.227 4833.573 6891.238 6639.879 8920.603 6123.028 3690.262 5062.426 6372.948 8476.331 7042.522
1994 6 4233.649 3547.2 4018.887 4141.97 6113.585 3086.457 2463.002 3002.078 3106.931 4178.493 2808.398 2097.466 2389.292 2845.872 3509.505 6024.791
1994 7 2564.41 2367.038 2536.082 2456.063 2949.041 2285.482 1912.575 2276.316 2211.27 2628.382 2169.308 1743.401 1975.349 2143.454 2537.36 2831.275
1994 8 2217.64 2022.202 2199.652 2121.878 2531.108 1939.789 1593.126 1930.195 1889.42 2272.582 1813.341 1430.983 1641.111 1805.218 2177.227 2419.705
1994 9 1924.721 1736.743 1922.783 1829.663 2221.103 1660.296 1348.847 1655.054 1620.85 1980.099 1534.908 1198.361 1395.437 1535.231 1886.476 2178.244
1994 10 1815.68 1622.136 1807.611 1699.641 2111.911 1552.705 1259.163 1535.59 1507.029 1881.397 1420.403 1091.08 1303.283 1430.912 1765.834 2097.134
1994 11 1949.801 1759.343 2010.004 1832.069 2256.171 1704.995 1427.286 1724.483 1619.66 2160.504 1617.07 1255.993 1562.799 1540.89 1959.363 2150.552
1994 12 1917.698 1687.776 1939.507 1727.568 2224.04 1675.409 1397.129 1697.813 1573.981 2067.548 1597.112 1245.545 1588.062 1520.652 1942.058 2110.201
1995 1 1860.793 1631.867 1883.196 1667.481 2151.687 1645.127 1378.207 1670.46 1530.669 2006.922 1577.312 1279.68 1611.19 1490.098 1905.191 2042.41
1995 2 1826.694 1661.905 1880.211 1627.418 2105.342 1631.576 1405.92 1677.242 1487.931 1982.683 1662.597 1425.97 1727.046 1492.696 1965.829 1962.692
1995 3 2037.639 2021.315 2162.887 1799.839 2286.002 1948.437 1822.41 2129.076 1686.633 2345.152 2213.624 2570.414 2708.415 1840.656 2494.909 1979.552
1995 4 2872.817 3098.72 3159.692 2477.431 3073.321 3105.588 3199.265 3510.951 2535.795 3494.882 3726.005 4256.746 4461.193 3055.85 3943.095 2495.865
1995 5 6944.255 6901.986 7250.59 5803.489 6944.976 7481.364 7184.827 8720.41 6768.572 8062.915 8069.308 7037.939 8148.201 8063.739 9197.646 4841.024
1995 6 10757.39 10004.64 10559.33 10619.42 13105.2 9411.795 6537.358 8598.586 9586.084 12409.59 6744.888 4027.528 4657.024 8642.926 10692.52 12523.96
1995 7 5455.233 4866.056 5271.862 5715.231 6720.05 4518.26 3511.37 4091.427 4854.492 6076.745 3628.915 2786.573 3037.889 4071.584 5016.463 7744.161
1995 8 3308.385 3105.281 3146.602 3238.667 3725.28 2856.914 2421.147 2733.878 2924.847 3513.01 2521.906 2155.544 2358.707 2787.455 3123.151 3757.748
1995 9 2677.076 2540.27 2693.707 2617.426 2945.448 2477.454 2126.466 2450.502 2451.961 2827.69 2244.498 1862.366 2078.687 2371.799 2716.156 2886.026
1995 10 2418.463 2272.017 2434.695 2360.191 2688.208 2206.193 1866.114 2178.548 2185.556 2555.204 1975.729 1604.67 1819.373 2098.595 2444.718 2684.746
1995 11 2245.165 2094.567 2258.065 2179.42 2510.089 2021.952 1687.226 1993.502 1999.481 2368.36 1789.46 1429.896 1643.795 1907.641 2251.477 2545.735
1995 12 2092.544 1941.033 2103.549 2022.082 2352.73 1862.972 1535.444 1834.246 1841.448 2206.582 1629.897 1280.843 1492.118 1744.414 2085.702 2413.449
1996 1 1972.343 1822.376 1982.19 1892.612 2218.396 1742.096 1423.255 1717.156 1717.495 2076.564 1517.049 1181.991 1389.681 1620.901 1960.637 2289.635
1996 2 1954.628 1808.517 1971.028 1858.821 2196.838 1728.382 1413.727 1717.333 1692.046 2064.924 1517.974 1196.815 1408.443 1603.71 1961.782 2267.514
1996 3 1897.214 1771.419 1924.894 1786.762 2112.752 1706.98 1421.286 1716.506 1651.094 2015.108 1539.435 1270.582 1466.358 1591.031 1950.662 2156.671
1996 4 2116.477 1998.474 2214.954 1957.225 2320.848 2035.618 1646.594 2080.402 1916.268 2303.949 1890.965 1438.792 1754.481 1899.878 2362.701 2304.804
1996 5 2221.618 2024.072 2249.652 2091.81 2532.961 1988.154 1554.719 1952.156 1981.174 2341.012 1703.42 1307.066 1530.871 1839.066 2220.448 2703.861
1996 6 1810.134 1687.758 1835.923 1740.201 2010.59 1646.012 1330.584 1636.723 1636.868 1887.088 1456.338 1114.135 1314.848 1553.48 1828.071 2113.636
1996 7 1530.664 1420.842 1557.551 1469.447 1711.043 1386.958 1113.488 1380.479 1380.245 1601.285 1224.717 934.5217 1106.096 1308.025 1550.106 1830.191
1996 8 1281.8 1185.128 1307.551 1227.613 1437.649 1160.193 931.2435 1158.536 1152.901 1343.439 1026.507 784.808 931.2454 1094.397 1303.801 1558.659
1996 9 1104.525 1019.417 1130.463 1056.855 1242.421 1000.677 805.6519 1001.627 992.7832 1161.563 886.4052 680.2953 810.9849 944.1208 1128.404 1356.807
1996 10 992.2258 909.2899 1016.675 942.166 1122.974 894.2573 720.9522 892.8258 882.3354 1048.567 792.5742 611.147 728.8543 845.3959 1011.639 1237.866
1996 11 951.2043 865.0246 978.5471 893.2382 1080.397 852.1215 685.7032 852.5727 832.6454 1011.691 756.7737 584.7009 708.2992 804.5145 971.8313 1192.965
1996 12 870.7935 789.8851 901.8211 813.3295 994.5978 783.9763 630.813 792.9111 761.2048 935.925 707.9796 547.8794 681.2607 744.2114 904.8432 1100.171
1997 1 819.5611 744.1917 852.4302 762.525 936.7354 746.907 607.5753 762.3073 719.5116 888.5632 688.1563 546.321 684.3312 712.0023 868.9611 1029.796
1997 2 776.5147 708.7031 811.5431 722.1376 886.5063 718.29 591.0994 740.6294 687.9929 847.9494 674.7006 551.813 689.4365 687.8461 841.5112 969.3219
1997 3 910.0909 854.421 1001.075 830.446 1023.931 916.4454 786.9853 1005.649 828.3361 1059.39 950.9449 931.6665 1108.347 881.6273 1136.359 1081.36
1997 4 1822.741 1850.567 2064.908 1646.464 1884.975 2036.878 1933.219 2304.379 1805.276 2155.622 2355.604 2444.306 2773.332 2009.878 2343.792 1771.366
1997 5 5940.147 5787.344 6574.068 4977.194 6122.521 6630.843 5408.603 6807.559 5987.162 7153.871 6588.107 4434.004 5649.505 6553.817 7612.9 4593.146
1997 6 5379.429 4356.417 5299.1 5331.219 7121.156 3993.824 2606.047 3520.001 3921.257 5803.75 2902.847 2169.981 2529.574 3456.911 4295.682 7519.002
1997 7 2602.424 2392.385 2614.675 2547.948 2927.513 2291.459 1881.391 2127.862 2280.376 2722.285 2010.906 1746.338 1921.015 2047.82 2334.957 3344.101
1997 8 2129.857 2002.195 2168.537 2064.938 2374.545 2010.041 1728.69 1989.522 1951.954 2274.7 1871.868 1579.155 1770.971 1902.823 2177.175 2447.673
1997 9 2055.98 1894.746 2145.591 1962.755 2360.995 1910.173 1617.455 1881.927 1849.282 2280.098 1754.012 1451.151 1658.904 1798.405 2089.068 2528.897
1997 10 2160.179 1895.451 2160.782 1950.779 2484.396 1915.633 1574.8 1830.539 1806.567 2351.009 1707.121 1376.314 1610.185 1767.083 2114.908 2602.784
1997 11 1947.379 1785.757 1963.756 1835.952 2183.933 1812.379 1542.675 1773.226 1735.097 2102.525 1662.397 1367.697 1602.814 1696.298 1950.586 2184.243
1997 12 1932.225 1760.801 1957 1808.394 2165.02 1806.063 1535.194 1777.206 1713.023 2107.155 1671.603 1381.573 1659.404 1682.483 1967.037 2142.698
1998 1 1913.562 1736.495 1935.939 1778.503 2143.219 1784.482 1514.416 1753.02 1683.969 2088.728 1650.601 1364.958 1637.561 1657.569 1941.435 2114.62
1998 2 1862.31 1682.884 1886.278 1721.733 2094.707 1735.3 1473.109 1707.733 1629.005 2044.484 1614.386 1331.633 1624.681 1610.991 1896.877 2063.327
1998 3 1901.254 1726.922 1950.646 1743.696 2142.593 1818.312 1543.707 1817.958 1662.272 2141.906 1727.495 1459.953 1841.457 1678.467 2029.829 2080.92
1998 4 2629.753 2466.83 2811.158 2339.417 2887.79 2685.466 2428.428 2858.097 2407.385 3183.228 2787.382 2458.425 3117.217 2536.134 3119.205 2638.311
1998 5 5541.88 4715.814 5558.729 5040.017 6684.295 4863.043 3499.224 4668.15 4681.424 6355.645 4219.038 2815.834 3525.233 4469.214 5925.283 5609.794
1998 6 2340.773 2134.361 2350.831 2266.359 2754.84 2118.514 1751.58 2059.167 2070.494 2545.746 1907.092 1563.038 1805.693 1964.609 2325.042 2534.338
1998 7 2059.753 1876.331 2075.378 1955.898 2305.974 1864.026 1554.49 1827.654 1809.337 2201.724 1701.994 1379.448 1603.951 1743.37 2061.308 2241.824
1998 8 1907.951 1700.756 1924.475 1758.668 2109.785 1652.929 1370.985 1629.714 1606.053 1972.549 1509.49 1187.197 1414.14 1549.111 1885.62 2023.624
1998 9 1534.435 1404.066 1561.051 1467.926 1742.602 1380.9 1140.421 1361.349 1346.336 1655.868 1252.244 1008.871 1179.82 1285.425 1533.147 1725.386
1998 10 1492.021 1350.141 1566.423 1422.147 1650.502 1324.901 1114.441 1288.654 1288.619 1585.594 1208.713 965.1761 1173.848 1223.331 1460 1601.405
1998 11 1514.906 1355.597 1648.27 1384.601 1671.811 1355.069 1137.48 1331.938 1277.006 1640.274 1270.951 1005.681 1294.12 1255.889 1535.454 1524.618
1998 12 1427.889 1267.615 1536.112 1284.238 1580.443 1279.929 1032.081 1251.47 1199.223 1550.846 1183.916 933.3206 1195.825 1173.874 1437.464 1405.228
1999 1 1369.017 1241.036 1460.586 1225.827 1519.368 1250.467 1021.982 1230.558 1163.583 1498.639 1159.393 938.4321 1174.492 1154.772 1392.53 1336.329
1999 2 1329.856 1209.259 1414.002 1178.68 1474.143 1235.302 1019.598 1225.745 1132.915 1463.681 1176.209 969.1959 1203.232 1144.788 1382.661 1267.758
1999 3 1378.5 1274.575 1487.813 1207.923 1514.422 1301.875 1093.098 1297.701 1195.797 1531.369 1252.304 1051.956 1269.082 1216.144 1459.696 1282.56
1999 4 1992.083 1887.156 2229.475 1668.692 2216.219 1930.847 1625.01 2003.95 1728.214 2227.042 1845.303 1743.758 2131.92 1781.315 2250.682 1699.875
1999 5 5676.714 5367.337 6234.86 4844.507 6597.167 5017.179 4043.071 4916.8 4542.192 6235.21 4709.903 3265.68 4328.857 4581.628 5923.388 4707.171
1999 6 2979.027 2676.205 3073.11 2700.738 3904.503 2317.332 1876.973 2247.773 2220.833 3126.147 2066.372 1706.01 2016.654 2085.075 2633.109 3704.845
1999 7 2304.046 2167.779 2525.02 2113.667 2659.699 2075.954 1726.207 2087.047 1966.834 2505.477 1916.291 1568.693 1883.524 1914.097 2338.968 2529.487
1999 8 2430.618 2293.011 2744.958 2216.898 3742.296 2121.855 1748.394 2162.496 1966.076 2788.971 2027.254 1668.698 1936.703 1947.583 2706.258 2636.035
1999 9 2622.24 2422.531 2917.702 2258.052 3449 2176.417 1795.588 2249.686 1971.558 2974.088 2047.533 1653.405 2049.798 1991.553 2814.954 2860.414
1999 10 1981.934 1850.292 2082.361 1813.083 2268.819 1761.444 1480.537 1775.94 1659.156 2113.876 1631.337 1353.418 1614.792 1629.95 2007.03 2120.305
1999 11 1867.085 1736.88 1965.326 1703.529 2146.512 1644.932 1385.316 1660.315 1550.458 1993.377 1521.916 1258.041 1505.415 1522.305 1884.125 2020.662
1999 12 1765.218 1642.247 1865.52 1610.23 2041.856 1554.884 1309.502 1571.64 1464.483 1891.288 1440.22 1187.345 1425.055 1437.949 1781.327 1933.482
