1950 1 350.317
1950 2 349.6
1950 3 360.3105
1950 4 460.1872
1950 5 1081.821
1950 6 881.4153
1950 7 871.6636
1950 8 774.6905
1950 9 692.9431
1950 10 636.0155
1950 11 595.7525
1950 12 561.8011
1951 1 526.3618
1951 2 511.8712
1951 3 490.1546
1951 4 601.1666
1951 5 1351.267
1951 6 1178.864
1951 7 954.1067
1951 8 873.1993
1951 9 756.8975
1951 10 689.187
1951 11 650.9865
1951 12 586.7553
1952 1 550.5754
1952 2 514.0147
1952 3 465.9691
1952 4 703.501
1952 5 3216.006
1952 6 11956.19
1952 7 3203.337
1952 8 1948.307
1952 9 1820.577
1952 10 1662.84
1952 11 1583.677
1952 12 1476.152
1953 1 1378.776
1953 2 1276.078
1953 3 1234.393
1953 4 1329.423
1953 5 2809.306
1953 6 3753.728
1953 7 1910.27
1953 8 1695.473
1953 9 1507.614
1953 10 1382.282
1953 11 1330.964
1953 12 1281.008
1954 1 1228.83
1954 2 1167.017
1954 3 1156.715
1954 4 1615.32
1954 5 2903.353
1954 6 1681.383
1954 7 1527.641
1954 8 1400.636
1954 9 1280.893
1954 10 1243.148
1954 11 1130.133
1954 12 1083.955
1955 1 1030.249
1955 2 979.7778
1955 3 986.6253
1955 4 1205.171
1955 5 3226.853
1955 6 3424.678
1955 7 1597.934
1955 8 1431.556
1955 9 1255.965
1955 10 1122.075
1955 11 1034.569
1955 12 953.9634
1956 1 882.051
1956 2 846.1736
1956 3 835.3403
1956 4 1300.609
1956 5 4619.7
1956 6 2020.413
1956 7 1757.171
1956 8 1347.693
1956 9 1141.124
1956 10 977.6282
1956 11 876.2051
1956 12 776.1819
1957 1 704.0313
1957 2 673.3815
1957 3 626.6421
1957 4 829.2863
1957 5 2110.142
1957 6 7865.829
1957 7 5201.972
1957 8 2274.849
1957 9 1981.54
1957 10 1861.445
1957 11 1871.738
1957 12 1796.576
1958 1 1734.247
1958 2 1675.569
1958 3 1645.51
1958 4 2022.6
1958 5 9552.219
1958 6 8190.698
1958 7 2490.923
1958 8 2172.01
1958 9 1868.714
1958 10 1668.642
1958 11 1554.844
1958 12 1465.566
1959 1 1379.88
1959 2 1283.635
1959 3 1213.792
1959 4 1489.559
1959 5 4067.838
1959 6 3235.494
1959 7 1904.978
1959 8 1763.214
1959 9 1532.126
1959 10 1618.158
1959 11 1640.286
1959 12 1634.283
1960 1 1597.391
1960 2 1585.781
1960 3 1603.029
1960 4 4040.702
1960 5 8218.689
1960 6 4916.88
1960 7 3678.757
1960 8 2082.143
1960 9 1803.294
1960 10 1666.945
1960 11 1524.914
1960 12 1463.182
1961 1 1374.766
1961 2 1297.823
1961 3 1244.495
1961 4 1647.329
1961 5 6300.948
1961 6 4050.032
1961 7 2308.953
1961 8 2123.18
1961 9 2085.152
1961 10 1819.854
1961 11 1793.289
1961 12 1717.662
1962 1 1635.84
1962 2 1617.61
1962 3 1512.772
1962 4 2158.311
1962 5 8529.345
1962 6 3260.461
1962 7 2938.649
1962 8 2058.315
1962 9 1815.885
1962 10 1651.864
1962 11 1585.887
1962 12 1495.837
1963 1 1401.758
1963 2 1333.453
1963 3 1278.568
1963 4 1726.302
1963 5 3192.7
1963 6 1952.866
1963 7 1815.486
1963 8 1615.279
1963 9 1471.552
1963 10 1304.68
1963 11 1228.718
1963 12 1162.601
1964 1 1090.195
1964 2 1052.64
1964 3 961.3094
1964 4 1081.562
1964 5 2375.746
1964 6 2032.683
1964 7 1516.589
1964 8 1423.862
1964 9 1297.335
1964 10 1192.211
1964 11 1154.597
1964 12 1094.558
1965 1 1026.9
1965 2 967.3212
1965 3 903.0445
1965 4 1105.626
1965 5 3820.197
1965 6 14822.44
1965 7 7076.279
1965 8 3367.006
1965 9 2875.176
1965 10 2751.225
1965 11 2509.915
1965 12 2401.645
1966 1 2344.667
1966 2 2255.792
1966 3 2526.13
1966 4 5062.864
1966 5 6092.585
1966 6 3212.04
1966 7 2804.657
1966 8 2598.919
1966 9 2001.178
1966 10 1772.677
1966 11 1630.964
1966 12 1531.939
1967 1 1433.713
1967 2 1350.802
1967 3 1334.077
1967 4 1744.741
1967 5 3823.231
1967 6 3014.922
1967 7 2516.169
1967 8 2336.375
1967 9 2025.84
1967 10 1720.439
1967 11 1674.752
1967 12 1575.342
1968 1 1488.342
1968 2 1459.355
1968 3 1354.844
1968 4 1766.989
1968 5 5015.794
1968 6 6441.441
1968 7 2515.048
1968 8 2538.879
1968 9 2053.267
1968 10 1934.909
1968 11 1857.961
1968 12 1770.399
1969 1 1701.423
1969 2 1605.686
1969 3 1531.17
1969 4 1887.044
1969 5 6838.284
1969 6 4024.383
1969 7 2978.743
1969 8 2418.615
1969 9 2158.243
1969 10 2283.607
1969 11 2218.697
1969 12 2202.123
1970 1 2164.835
1970 2 2115.183
1970 3 2121.837
1970 4 2492.482
1970 5 7689.034
1970 6 2885.857
1970 7 2478.26
1970 8 2135.652
1970 9 2509.167
1970 10 2064.094
1970 11 2077.665
1970 12 2031.544
1971 1 2017.768
1971 2 1994.422
1971 3 2011.745
1971 4 4621.657
1971 5 4232.444
1971 6 2375.875
1971 7 2367.444
1971 8 1957.362
1971 9 1793.118
1971 10 1772.348
1971 11 1745.469
1971 12 1712.996
1972 1 1644.408
1972 2 1614.24
1972 3 1940.301
1972 4 2678.607
1972 5 2585.991
1972 6 2040.321
1972 7 1749.606
1972 8 1532.544
1972 9 1355.979
1972 10 1323.458
1972 11 1353.492
1972 12 1320.667
1973 1 1263.68
1973 2 1197.765
1973 3 1155.794
1973 4 1147.089
1973 5 2785.974
1973 6 10675.4
1973 7 3636.286
1973 8 2371.982
1973 9 2177.744
1973 10 2014.832
1973 11 1859.056
1973 12 1741.82
1974 1 1611.396
1974 2 1491.658
1974 3 1495.49
1974 4 1892.686
1974 5 2903.593
1974 6 1991.722
1974 7 1791.226
1974 8 1602.811
1974 9 1389.646
1974 10 1261.058
1974 11 1172.261
1974 12 1081.008
1975 1 998.5911
1975 2 922.4599
1975 3 896.2426
1975 4 995.7428
1975 5 3723.751
1975 6 9573.883
1975 7 4042.224
1975 8 2401.569
1975 9 2223.926
1975 10 2035.527
1975 11 1936.701
1975 12 1850.885
1976 1 1745.405
1976 2 1690.428
1976 3 1562.402
1976 4 1877.998
1976 5 6253.049
1976 6 2774.249
1976 7 2524.114
1976 8 2147.978
1976 9 1959.793
1976 10 1880.117
1976 11 1707.198
1976 12 1597.147
1977 1 1484.212
1977 2 1405.647
1977 3 1415.043
1977 4 1821.158
1977 5 2581.53
1977 6 1741.941
1977 7 1401.559
1977 8 1229.122
1977 9 1076.212
1977 10 974.0002
1977 11 975.2059
1977 12 898.0936
1978 1 854.1948
1978 2 812.7509
1978 3 849.0623
1978 4 1183.713
1978 5 2455.539
1978 6 2643.733
1978 7 1735.421
1978 8 1539.095
1978 9 1319.96
1978 10 1187.631
1978 11 1166.509
1978 12 1026.819
1979 1 953.6992
1979 2 898.2413
1979 3 884.5192
1979 4 1346.553
1979 5 5364.971
1979 6 20164.82
1979 7 14735.92
1979 8 4789.426
1979 9 3114.416
1979 10 2784.074
1979 11 2633.881
1979 12 2507.923
1980 1 2370.476
1980 2 2286.851
1980 3 2054.897
1980 4 2363.941
1980 5 7183.118
1980 6 25782.79
1980 7 8397.837
1980 8 4340.553
1980 9 2850.535
1980 10 2538.087
1980 11 2316.427
1980 12 2162.962
1981 1 2021.68
1981 2 1894.568
1981 3 1790.919
1981 4 1797.563
1981 5 2093.457
1981 6 1959.966
1981 7 1654.39
1981 8 1580.79
1981 9 1437.959
1981 10 1341.194
1981 11 1400.358
1981 12 1388.238
1982 1 1363.008
1982 2 1325.95
1982 3 1301.074
1982 4 1745.416
1982 5 3014.097
1982 6 4685.298
1982 7 2215.643
1982 8 2096.17
1982 9 2183.817
1982 10 1880.857
1982 11 1818.159
1982 12 1793.359
1983 1 1745.66
1983 2 1689.769
1983 3 1668.003
1983 4 1748.458
1983 5 3690.866
1983 6 6103.47
1983 7 2972.097
1983 8 2248.157
1983 9 2033.863
1983 10 1943.427
1983 11 1800.509
1983 12 1712.962
1984 1 1624.324
1984 2 1588.214
1984 3 1460.86
1984 4 1478.494
1984 5 7011.908
1984 6 6636.099
1984 7 3098.262
1984 8 2514.769
1984 9 2318.458
1984 10 2331.681
1984 11 2182.497
1984 12 2142.484
1985 1 2078.043
1985 2 1994.567
1985 3 1962.269
1985 4 2846.655
1985 5 6306.734
1985 6 12358.82
1985 7 3263.757
1985 8 2784.725
1985 9 4354.167
1985 10 4654.186
1985 11 2985.126
1985 12 2629.468
1986 1 2577.164
1986 2 2526.254
1986 3 2616.498
1986 4 4274.063
1986 5 9757.776
1986 6 5399.035
1986 7 3350.184
1986 8 2711.381
1986 9 2591.235
1986 10 2537.048
1986 11 2681.773
1986 12 2606.76
1987 1 2567.821
1987 2 2494.462
1987 3 2463.962
1987 4 3149.681
1987 5 7019.32
1987 6 11237.36
1987 7 3555.811
1987 8 2736.279
1987 9 2387.508
1987 10 2129.69
1987 11 2032.471
1987 12 1969.037
1988 1 1873.347
1988 2 1824.545
1988 3 1688.707
1988 4 2480.351
1988 5 3654.316
1988 6 2818.712
1988 7 2374.823
1988 8 1987.211
1988 9 1788.521
1988 10 1623.795
1988 11 1518.693
1988 12 1434.91
1989 1 1359.522
1989 2 1291.602
1989 3 1486.262
1989 4 3789.136
1989 5 4870.154
1989 6 2383.15
1989 7 2121.119
1989 8 1883.248
1989 9 1715.617
1989 10 1622.104
1989 11 1532.286
1989 12 1459.514
1990 1 1373.503
1990 2 1293.728
1990 3 1290.473
1990 4 1961.311
1990 5 7347.413
1990 6 3624.731
1990 7 2416.826
1990 8 2174.975
1990 9 2015.567
1990 10 2389.505
1990 11 2023.5
1990 12 1979.682
1991 1 1957.024
1991 2 1924.406
1991 3 1876.645
1991 4 2170.235
1991 5 6405.517
1991 6 5488.034
1991 7 2948.846
1991 8 2461.461
1991 9 2189.789
1991 10 1987.857
1991 11 1894.852
1991 12 1768.722
1992 1 1660.901
1992 2 1607.956
1992 3 1498.039
1992 4 2247.133
1992 5 6847.496
1992 6 4133.026
1992 7 2672.168
1992 8 2494.744
1992 9 2133.853
1992 10 1952.772
1992 11 1861.165
1992 12 1758.668
1993 1 1664.09
1993 2 1572.236
1993 3 1587.94
1993 4 2028.509
1993 5 6197.541
1993 6 11348.9
1993 7 4741.966
1993 8 2789.848
1993 9 2669.524
1993 10 2334.046
1993 11 2232.476
1993 12 2131.827
1994 1 2031.012
1994 2 1929.249
1994 3 1921.767
1994 4 2481.087
1994 5 7042.522
1994 6 6024.791
1994 7 2831.275
1994 8 2419.705
1994 9 2178.244
1994 10 2097.134
1994 11 2150.552
1994 12 2110.201
1995 1 2042.41
1995 2 1962.692
1995 3 1979.552
1995 4 2495.865
1995 5 4841.024
1995 6 12523.96
1995 7 7744.161
1995 8 3757.748
1995 9 2886.026
1995 10 2684.746
1995 11 2545.735
1995 12 2413.449
1996 1 2289.635
1996 2 2267.514
1996 3 2156.671
1996 4 2304.804
1996 5 2703.861
1996 6 2113.636
1996 7 1830.191
1996 8 1558.659
1996 9 1356.807
1996 10 1237.866
1996 11 1192.965
1996 12 1100.171
1997 1 1029.796
1997 2 969.3219
1997 3 1081.36
1997 4 1771.366
1997 5 4593.146
1997 6 7519.002
1997 7 3344.101
1997 8 2447.673
1997 9 2528.897
1997 10 2602.784
1997 11 2184.243
1997 12 2142.698
1998 1 2114.62
1998 2 2063.327
1998 3 2080.92
1998 4 2638.311
1998 5 5609.794
1998 6 2534.338
1998 7 2241.824
1998 8 2023.624
1998 9 1725.386
1998 10 1601.405
1998 11 1524.618
1998 12 1405.228
1999 1 1336.329
1999 2 1267.758
1999 3 1282.56
1999 4 1699.875
1999 5 4707.171
1999 6 3704.845
1999 7 2529.487
1999 8 2636.035
1999 9 2860.414
1999 10 2120.305
1999 11 2020.662
1999 12 1933.482
