1950 1 300.6
1950 2 419
1950 3 262.9
1950 4 186.6
1950 5 209.6
1950 6 343.3
1950 7 27.5
1950 8 33.5
1950 9 41.8
1950 10 61.5
1950 11 108.5
1950 12 215.8
1951 1 279.3
1951 2 285.6
1951 3 168.7
1951 4 94.5
1951 5 53
1951 6 34.2
1951 7 1.3
1951 8 8.2
1951 9 25.9
1951 10 41
1951 11 77.5
1951 12 174.4
1952 1 236.8
1952 2 220.5
1952 3 303
1952 4 521.8
1952 5 2423.6
1952 6 2185
1952 7 451.6
1952 8 588.3
1952 9 170.7
1952 10 124.3
1952 11 206.1
1952 12 301.2
1953 1 335.9
1953 2 338.8
1953 3 223.8
1953 4 210.5
1953 5 176.5
1953 6 212.5
1953 7 52.7
1953 8 30.2
1953 9 30
1953 10 63.2
1953 11 125.3
1953 12 237.5
1954 1 190.4
1954 2 262.7
1954 3 121.5
1954 4 60.1
1954 5 51.8
1954 6 19.8
1954 7 12.6
1954 8 13.1
1954 9 39.4
1954 10 47.5
1954 11 59.6
1954 12 121.6
1955 1 174.5
1955 2 197.2
1955 3 162.2
1955 4 59.3
1955 5 97.9
1955 6 65.3
1955 7 11.7
1955 8 20.3
1955 9 19
1955 10 27.3
1955 11 77.9
1955 12 140.1
1956 1 198.9
1956 2 195.5
1956 3 146.8
1956 4 71.9
1956 5 156.8
1956 6 240.5
1956 7 11.2
1956 8 3.2
1956 9 1.9
1956 10 12.9
1956 11 62.7
1956 12 63
1957 1 75.7
1957 2 102.1
1957 3 66
1957 4 65.8
1957 5 673.1
1957 6 2000
1957 7 1997.1
1957 8 842.1
1957 9 355.6
1957 10 162.7
1957 11 621.7
1957 12 382
1958 1 256
1958 2 328.7
1958 3 398.4
1958 4 701.5
1958 5 2587.2
1958 6 1200.3
1958 7 71.8
1958 8 33.3
1958 9 29.3
1958 10 48.9
1958 11 125.2
1958 12 212.3
1959 1 193.7
1959 2 241
1959 3 218
1959 4 113.5
1959 5 61.2
1959 6 33.1
1959 7 12.1
1959 8 22.3
1959 9 13.6
1959 10 92.8
1959 11 227.7
1959 12 245.1
1960 1 226.5
1960 2 225.5
1960 3 469
1960 4 843.4
1960 5 252.1
1960 6 742.4
1960 7 109.2
1960 8 41.1
1960 9 22.4
1960 10 65.5
1960 11 192.1
1960 12 152.6
1961 1 152.3
1961 2 219.1
1961 3 197.4
1961 4 348.8
1961 5 611.5
1961 6 252.7
1961 7 59
1961 8 50.2
1961 9 83.5
1961 10 86.3
1961 11 469.8
1961 12 279.6
1962 1 270
1962 2 510.4
1962 3 388
1962 4 1145.9
1962 5 1195.4
1962 6 700.6
1962 7 242.7
1962 8 82
1962 9 67.2
1962 10 74.3
1962 11 356.8
1962 12 216.7
1963 1 143
1963 2 315
1963 3 320.9
1963 4 156
1963 5 42.9
1963 6 24.3
1963 7 10.1
1963 8 20.8
1963 9 20.9
1963 10 27.9
1963 11 76.3
1963 12 61.7
1964 1 113.7
1964 2 128.6
1964 3 217.2
1964 4 87
1964 5 73.1
1964 6 30.5
1964 7 8.5
1964 8 17.4
1964 9 9.9
1964 10 26
1964 11 159.3
1964 12 80.3
1965 1 182.7
1965 2 222.1
1965 3 355.7
1965 4 345.5
1965 5 1226.7
1965 6 2273.8
1965 7 1218.3
1965 8 516.8
1965 9 321.3
1965 10 525.4
1965 11 609.6
1965 12 447.3
1966 1 386.1
1966 2 398.6
1966 3 657.8
1966 4 607.1
1966 5 646.5
1966 6 367.9
1966 7 82.7
1966 8 99.7
1966 9 44.6
1966 10 79.7
1966 11 575.4
1966 12 297.1
1967 1 228.4
1967 2 298.6
1967 3 269.8
1967 4 73.1
1967 5 121.7
1967 6 370.7
1967 7 114.2
1967 8 380.6
1967 9 121.6
1967 10 69.9
1967 11 370.8
1967 12 249
1968 1 244.2
1968 2 287.6
1968 3 509
1968 4 276.8
1968 5 813.2
1968 6 1431.2
1968 7 358.5
1968 8 721.7
1968 9 107.8
1968 10 98.8
1968 11 367.9
1968 12 251.9
1969 1 333.9
1969 2 362.7
1969 3 419.7
1969 4 477.2
1969 5 858.3
1969 6 1262
1969 7 422.3
1969 8 310.2
1969 9 233.2
1969 10 804.7
1969 11 882.5
1969 12 511
1970 1 334.8
1970 2 431
1970 3 477.2
1970 4 438.2
1970 5 860.7
1970 6 460.5
1970 7 180.1
1970 8 79.2
1970 9 599.7
1970 10 429.2
1970 11 679.2
1970 12 403.7
1971 1 343.6
1971 2 468.2
1971 3 657.1
1971 4 282.3
1971 5 102.1
1971 6 136.3
1971 7 143.9
1971 8 81.3
1971 9 107.9
1971 10 374.8
1971 11 421.5
1971 12 320.3
1972 1 281.9
1972 2 341.3
1972 3 505.5
1972 4 154.4
1972 5 70.2
1972 6 106.3
1972 7 40.8
1972 8 98.9
1972 9 138.2
1972 10 180.2
1972 11 468
1972 12 303.1
1973 1 280.3
1973 2 295.7
1973 3 544.8
1973 4 504.8
1973 5 1747.5
1973 6 2354.4
1973 7 1157.8
1973 8 355.4
1973 9 298.3
1973 10 413
1973 11 357.2
1973 12 301.9
1974 1 271.8
1974 2 272.3
1974 3 561.2
1974 4 279.2
1974 5 174.6
1974 6 83.7
1974 7 21.8
1974 8 22.2
1974 9 16.2
1974 10 47.7
1974 11 103.4
1974 12 163.9
1975 1 170.3
1975 2 244.5
1975 3 397
1975 4 459.6
1975 5 1216.7
1975 6 1732.4
1975 7 1191.6
1975 8 480.6
1975 9 401.9
1975 10 273.6
1975 11 843.3
1975 12 312.6
1976 1 225.2
1976 2 354.3
1976 3 528.8
1976 4 521.2
1976 5 765.7
1976 6 873.8
1976 7 294.2
1976 8 154.1
1976 9 46.4
1976 10 96.5
1976 11 133.1
1976 12 129.8
1977 1 114.7
1977 2 180.5
1977 3 287
1977 4 125.4
1977 5 52.7
1977 6 19.8
1977 7 25.6
1977 8 15.6
1977 9 14
1977 10 18
1977 11 79.5
1977 12 88.1
1978 1 153.1
1978 2 205.6
1978 3 220.5
1978 4 95.1
1978 5 415.9
1978 6 543.1
1978 7 408.7
1978 8 125.9
1978 9 63.2
1978 10 242.3
1978 11 252.1
1978 12 162.3
1979 1 170
1979 2 200.9
1979 3 404.8
1979 4 823.2
1979 5 2084.2
1979 6 3610.7
1979 7 2006.5
1979 8 647.5
1979 9 75.4
1979 10 49.6
1979 11 107.7
1979 12 165.3
1980 1 276.5
1980 2 338.5
1980 3 377.1
1980 4 709.3
1980 5 2190
1980 6 2293.7
1980 7 637
1980 8 173.4
1980 9 35.2
1980 10 28.2
1980 11 123.5
1980 12 287
1981 1 237
1981 2 247
1981 3 257.8
1981 4 78.7
1981 5 93.6
1981 6 100.5
1981 7 105
1981 8 109.3
1981 9 113
1981 10 241.2
1981 11 424.5
1981 12 178.1
1982 1 220.6
1982 2 292.5
1982 3 384.9
1982 4 370.6
1982 5 1155
1982 6 1509.7
1982 7 759.6
1982 8 523.7
1982 9 779.2
1982 10 488.3
1982 11 492.7
1982 12 303.6
1983 1 318.4
1983 2 456.4
1983 3 561.4
1983 4 598.8
1983 5 861.4
1983 6 2122.7
1983 7 861.3
1983 8 180.6
1983 9 31.9
1983 10 63.6
1983 11 106.8
1983 12 278.4
1984 1 274.2
1984 2 294.7
1984 3 577.1
1984 4 918.5
1984 5 1919
1984 6 1246.4
1984 7 344.8
1984 8 176.5
1984 9 123
1984 10 153.3
1984 11 471.2
1984 12 360.2
1985 1 341.5
1985 2 339.3
1985 3 662.3
1985 4 2325.9
1985 5 3703.6
1985 6 4417.7
1985 7 724.9
1985 8 292.1
1985 9 138.9
1985 10 294.6
1985 11 732.2
1985 12 569.9
1986 1 521.5
1986 2 595.4
1986 3 708.6
1986 4 997.5
1986 5 1587
1986 6 4155.4
1986 7 2155.6
1986 8 161.9
1986 9 245.9
1986 10 610.2
1986 11 948.1
1986 12 654.3
1987 1 482.7
1987 2 540
1987 3 884
1987 4 2305.2
1987 5 4958.5
1987 6 3181.4
1987 7 446.6
1987 8 79.2
1987 9 58.8
1987 10 75.4
1987 11 378.6
1987 12 407.1
1988 1 306.5
1988 2 394.7
1988 3 635.8
1988 4 486.2
1988 5 147.9
1988 6 156.2
1988 7 90
1988 8 43.9
1988 9 56.8
1988 10 78
1988 11 344
1988 12 323.9
1989 1 309.7
1989 2 313.9
1989 3 806.9
1989 4 1038.4
1989 5 416.5
1989 6 218.2
1989 7 67
1989 8 50.4
1989 9 43
1989 10 72.5
1989 11 89.3
1989 12 151.1
1990 1 179.7
1990 2 232.9
1990 3 310.8
1990 4 108.9
1990 5 539.2
1990 6 269.3
1990 7 213
1990 8 150.7
1990 9 64.7
1990 10 237.7
1990 11 343.8
1990 12 252.6
1991 1 287.1
1991 2 320.9
1991 3 458.6
1991 4 933
1991 5 1031.8
1991 6 750.6
1991 7 326.3
1991 8 230.3
1991 9 207.9
1991 10 75.4
1991 11 277.2
1991 12 274.4
1992 1 259.8
1992 2 272.8
1992 3 599.7
1992 4 1091.2
1992 5 398.4
1992 6 469
1992 7 116.3
1992 8 153.9
1992 9 95.7
1992 10 87.7
1992 11 188.9
1992 12 256.8
1993 1 279.7
1993 2 327.9
1993 3 606.1
1993 4 666.6
1993 5 1681
1993 6 1463
1993 7 324.8
1993 8 173
1993 9 361.2
1993 10 140.1
1993 11 260.4
1993 12 337.4
1994 1 301.9
1994 2 351.1
1994 3 489.6
1994 4 484.8
1994 5 1169.2
1994 6 1063.3
1994 7 99
1994 8 37.3
1994 9 58.2
1994 10 95.5
1994 11 202.9
1994 12 400.6
1995 1 354.8
1995 2 454.6
1995 3 432.8
1995 4 520.8
1995 5 1075.4
1995 6 2282
1995 7 2754.1
1995 8 175.9
1995 9 130.1
1995 10 142
1995 11 216.8
1995 12 257.3
1996 1 349.5
1996 2 493.6
1996 3 404.6
1996 4 205
1996 5 161
1996 6 61.4
1996 7 29.5
1996 8 31.5
1996 9 34.2
1996 10 54.5
1996 11 112.3
1996 12 226.1
1997 1 322.7
1997 2 358.6
1997 3 630.2
1997 4 419.5
1997 5 1273.5
1997 6 1982.5
1997 7 525.2
1997 8 542.5
1997 9 740.8
1997 10 1203.2
1997 11 790.9
1997 12 430.2
1998 1 392.9
1998 2 432.9
1998 3 649
1998 4 395.2
1998 5 806.7
1998 6 402.6
1998 7 196.1
1998 8 69.5
1998 9 49.7
1998 10 87.1
1998 11 189.9
1998 12 293.8
1999 1 378.6
1999 2 406.9
1999 3 325.1
1999 4 117.6
1999 5 797
1999 6 1532.8
1999 7 703.8
1999 8 1281
1999 9 938.4
1999 10 458
1999 11 418.7
1999 12 331.3
